1 0.3328125 0.25703125 0.071875 0.24609375
1 0.32734375 0.63671875 0.06484375 0.309375
1 0.665625 0.64453125 0.10078125 0.328125
1 0.94765625 0.66796875 0.10234375 0.33359375
1 0.93046875 0.253125 0.10078125 0.290625
1 0.66953125 0.2375 0.10390625 0.28515625
1 0.0296875 0.05 0.034375 0.1
1 0.02109375 0.1921875 0.02890625 0.1375
1 0.10703125 0.11015625 0.03203125 0.10390625
1 0.096875 0.23125 0.02890625 0.12265625
1 0.0921875 0.3609375 0.02265625 0.115625
1 0.08359375 0.48046875 0.02578125 0.1078125
1 0.1296875 0.4953125 0.02421875 0.078125
1 0.159375 0.50546875 0.01796875 0.08359375
1 0.21171875 0.38359375 0.0203125 0.05625
1 0.24765625 0.38515625 0.01953125 0.059375
1 0.2078125 0.44140625 0.02421875 0.04453125
1 0.20703125 0.49140625 0.02265625 0.04453125
1 0.2015625 0.53984375 0.02578125 0.0375
1 0.2421875 0.4953125 0.0203125 0.06328125
1 0.17578125 0.21484375 0.0203125 0.06875
1 0.14140625 0.284375 0.028125 0.0953125
1 0.14609375 0.1734375 0.01796875 0.09296875
1 0.1359375 0.378125 0.0234375 0.10390625
1 0.1734375 0.31484375 0.01953125 0.0859375
1 0.1671875 0.3984375 0.02265625 0.0671875
