1 0.1546875 0.421875 0.08203125 0.26640625
1 0.1609375 0.11171875 0.0875 0.2234375
1 0.30546875 0.3609375 0.05546875 0.14921875
1 0.46875 0.359375 0.06484375 0.15625
1 0.46640625 0.05859375 0.06953125 0.1171875
1 0.3125 0.06171875 0.05234375 0.10390625
1 0.6203125 0.115625 0.084375 0.215625
1 0.62109375 0.4046875 0.08671875 0.2515625
1 0.14140625 0.728125 0.08515625 0.20078125
1 0.8234375 0.40859375 0.09921875 0.25546875
1 0.9703125 0.3484375 0.0578125 0.1640625
1 0.81484375 0.1078125 0.08203125 0.2046875
1 0.6203125 0.71484375 0.06953125 0.17890625
