1 0.33515625 0.60234375 0.0640625 0.1546875
1 0.553125 0.6015625 0.0578125 0.15234375
1 0.73984375 0.3578125 0.05234375 0.13046875
1 0.88203125 0.35078125 0.0671875 0.125
1 0.74296875 0.55234375 0.0609375 0.128125
1 0.88828125 0.54765625 0.07578125 0.134375
1 0.1578125 0.0796875 0.096875 0.15625
1 0.028125 0.096875 0.05546875 0.175
1 0.34140625 0.07265625 0.1015625 0.1453125
1 0.54609375 0.07734375 0.10078125 0.13984375
1 0.73046875 0.0859375 0.08515625 0.16015625
1 0.86796875 0.0796875 0.1015625 0.1453125
1 0.1484375 0.3640625 0.06640625 0.12109375
1 0.146875 0.56171875 0.05625 0.11328125
1 0.0140625 0.3671875 0.028125 0.125
1 0.015625 0.5734375 0.02890625 0.134375
