1 0.703125 0.271875 0.05546875 0.0890625
1 0.8046875 0.26171875 0.0578125 0.0984375
1 0.9015625 0.25859375 0.06484375 0.09296875
1 0.97734375 0.253125 0.04296875 0.09296875
1 0.70625 0.4203125 0.05546875 0.0953125
1 0.80859375 0.41640625 0.0671875 0.11328125
1 0.90859375 0.415625 0.06484375 0.115625
1 0.9796875 0.41171875 0.03828125 0.096875
1 0.7859375 0.5953125 0.046875 0.1171875
1 0.8390625 0.59765625 0.046875 0.1375
1 0.0140625 0.46640625 0.028125 0.0796875
1 0.0703125 0.471875 0.03203125 0.0875
1 0.1203125 0.4796875 0.0328125 0.08359375
1 0.17109375 0.48359375 0.02578125 0.08359375
1 0.21015625 0.4921875 0.0265625 0.0765625
1 0.2453125 0.496875 0.02890625 0.0671875
1 0.24765625 0.415625 0.02890625 0.08203125
1 0.21171875 0.4046875 0.03203125 0.07265625
1 0.17578125 0.39609375 0.03125 0.07265625
1 0.12421875 0.38046875 0.034375 0.0796875
1 0.07578125 0.36875 0.034375 0.0859375
1 0.02109375 0.35546875 0.034375 0.0890625
