1 0.009765625 0.5436197916666666 0.015625 0.024739583333333332
1 0.01220703125 0.50390625 0.0205078125 0.026041666666666664
1 0.01318359375 0.45768229166666663 0.0166015625 0.022135416666666664
1 0.01708984375 0.4153645833333333 0.0205078125 0.0234375
1 0.0205078125 0.375 0.01953125 0.028645833333333332
1 0.021484375 0.3313802083333333 0.021484375 0.029947916666666664
1 0.02392578125 0.7330729166666666 0.0166015625 0.026041666666666664
1 0.02587890625 0.291015625 0.0185546875 0.022135416666666664
1 0.03125 0.25 0.0234375 0.0234375
1 0.02978515625 0.685546875 0.0166015625 0.022135416666666664
1 0.0322265625 0.63671875 0.01953125 0.0234375
1 0.0341796875 0.21614583333333331 0.021484375 0.026041666666666664
1 0.03369140625 0.5963541666666666 0.0166015625 0.020833333333333332
1 0.03662109375 0.5514322916666666 0.0205078125 0.029947916666666664
1 0.0361328125 0.17513020833333331 0.017578125 0.022135416666666664
1 0.0380859375 0.5078125 0.015625 0.020833333333333332
1 0.0419921875 0.4212239583333333 0.0234375 0.022135416666666664
1 0.04052734375 0.134765625 0.0185546875 0.02734375
1 0.04345703125 0.099609375 0.0224609375 0.024739583333333332
1 0.046875 0.064453125 0.0234375 0.02734375
1 0.04150390625 0.4641927083333333 0.0107421875 0.016927083333333332
1 0.046875 0.3828125 0.017578125 0.020833333333333332
1 0.05126953125 0.3411458333333333 0.0205078125 0.026041666666666664
1 0.052734375 0.3020833333333333 0.015625 0.020833333333333332
1 0.0537109375 0.7317708333333333 0.017578125 0.020833333333333332
1 0.0556640625 0.6861979166666666 0.01953125 0.020833333333333332
1 0.056640625 0.6432291666666666 0.017578125 0.0234375
1 0.05859375 0.2610677083333333 0.021484375 0.024739583333333332
1 0.05859375 0.22200520833333331 0.013671875 0.022135416666666664
1 0.060546875 0.5546875 0.017578125 0.0234375
1 0.060546875 0.599609375 0.017578125 0.022135416666666664
1 0.06201171875 0.185546875 0.0146484375 0.01953125
1 0.06396484375 0.5143229166666666 0.0166015625 0.026041666666666664
1 0.0654296875 0.14713541666666666 0.01953125 0.020833333333333332
1 0.06640625 0.46875 0.015625 0.020833333333333332
1 0.06884765625 0.11002604166666666 0.0146484375 0.022135416666666664
1 0.0712890625 0.4290364583333333 0.01953125 0.016927083333333332
1 0.0712890625 0.076171875 0.015625 0.02734375
1 0.072265625 0.38736979166666663 0.013671875 0.022135416666666664
1 0.076171875 0.345703125 0.013671875 0.022135416666666664
1 0.078125 0.732421875 0.013671875 0.024739583333333332
1 0.07861328125 0.3098958333333333 0.0146484375 0.0234375
1 0.0791015625 0.2669270833333333 0.013671875 0.020833333333333332
1 0.0810546875 0.6888020833333333 0.017578125 0.0234375
1 0.083984375 0.23307291666666666 0.015625 0.018229166666666664
1 0.083984375 0.6015625 0.015625 0.020833333333333332
1 0.08447265625 0.6484375 0.0126953125 0.020833333333333332
1 0.0859375 0.1953125 0.015625 0.0234375
1 0.087890625 0.5631510416666666 0.013671875 0.024739583333333332
1 0.08837890625 0.515625 0.0126953125 0.026041666666666664
1 0.0888671875 0.15625 0.013671875 0.0234375
1 0.0908203125 0.119140625 0.01171875 0.01953125
1 0.09375 0.474609375 0.017578125 0.022135416666666664
1 0.09375 0.43424479166666663 0.015625 0.022135416666666664
1 0.095703125 0.08528645833333333 0.015625 0.01953125
1 0.0986328125 0.35546875 0.015625 0.0234375
1 0.0986328125 0.39518229166666663 0.015625 0.022135416666666664
1 0.10205078125 0.314453125 0.0166015625 0.022135416666666664
1 0.10302734375 0.27734375 0.0166015625 0.0234375
1 0.1044921875 0.734375 0.015625 0.018229166666666664
1 0.10595703125 0.6888020833333333 0.0185546875 0.0234375
1 0.10791015625 0.23828125 0.0126953125 0.020833333333333332
1 0.11181640625 0.201171875 0.0185546875 0.01953125
1 0.111328125 0.60546875 0.015625 0.020833333333333332
1 0.11328125 0.5631510416666666 0.015625 0.022135416666666664
1 0.11376953125 0.521484375 0.0146484375 0.022135416666666664
1 0.11474609375 0.1640625 0.0166015625 0.018229166666666664
1 0.11474609375 0.4817708333333333 0.0166015625 0.026041666666666664
1 0.115234375 0.12890625 0.01171875 0.0234375
1 0.1171875 0.09309895833333333 0.015625 0.024739583333333332
1 0.11767578125 0.44140625 0.0146484375 0.0234375
1 0.125 0.32291666666666663 0.01953125 0.03125
1 0.12158203125 0.39908854166666663 0.0107421875 0.022135416666666664
1 0.12353515625 0.3606770833333333 0.0146484375 0.0234375
1 0.12841796875 0.2825520833333333 0.0126953125 0.013020833333333332
1 0.12890625 0.73828125 0.013671875 0.018229166666666664
1 0.1318359375 0.24609375 0.013671875 0.026041666666666664
1 0.13232421875 0.2109375 0.0126953125 0.020833333333333332
1 0.13623046875 0.173828125 0.0126953125 0.01953125
1 0.1376953125 0.140625 0.015625 0.020833333333333332
1 0.14013671875 0.10286458333333333 0.0146484375 0.020833333333333332
1 0.142578125 0.484375 0.01953125 0.026041666666666664
1 0.140625 0.4466145833333333 0.01171875 0.0234375
1 0.14501953125 0.4055989583333333 0.0126953125 0.022135416666666664
1 0.1455078125 0.3671875 0.013671875 0.020833333333333332
1 0.14794921875 0.3294270833333333 0.0126953125 0.020833333333333332
1 0.15087890625 0.2923177083333333 0.0146484375 0.024739583333333332
1 0.154296875 0.25390625 0.015625 0.0234375
1 0.15478515625 0.21809895833333331 0.0166015625 0.01953125
1 0.1572265625 0.18424479166666666 0.013671875 0.02734375
1 0.15869140625 0.146484375 0.0146484375 0.014322916666666666
1 0.162109375 0.11328125 0.015625 0.0234375
1 0.16357421875 0.4895833333333333 0.0126953125 0.028645833333333332
1 0.16650390625 0.412109375 0.0166015625 0.01953125
1 0.16796875 0.451171875 0.017578125 0.024739583333333332
1 0.17041015625 0.3763020833333333 0.0166015625 0.0234375
1 0.17041015625 0.3359375 0.0146484375 0.026041666666666664
1 0.1728515625 0.298828125 0.01171875 0.022135416666666664
1 0.177734375 0.23046875 0.015625 0.018229166666666664
1 0.1767578125 0.263671875 0.01171875 0.024739583333333332
1 0.18017578125 0.19140625 0.0146484375 0.020833333333333332
1 0.18115234375 0.158203125 0.0126953125 0.022135416666666664
1 0.1826171875 0.12239583333333333 0.015625 0.020833333333333332
1 0.18603515625 0.45768229166666663 0.0126953125 0.022135416666666664
1 0.18994140625 0.419921875 0.0146484375 0.01953125
1 0.19482421875 0.34440104166666663 0.0166015625 0.01953125
1 0.193359375 0.3802083333333333 0.01171875 0.020833333333333332
1 0.19482421875 0.3046875 0.0146484375 0.020833333333333332
1 0.1982421875 0.23893229166666666 0.015625 0.024739583333333332
1 0.19677734375 0.2688802083333333 0.0107421875 0.01953125
1 0.20068359375 0.19856770833333331 0.0126953125 0.01953125
1 0.20166015625 0.1640625 0.0126953125 0.018229166666666664
1 0.20556640625 0.1328125 0.0126953125 0.020833333333333332
1 0.21044921875 0.46158854166666663 0.0126953125 0.024739583333333332
1 0.21142578125 0.4251302083333333 0.0146484375 0.022135416666666664
1 0.21240234375 0.3860677083333333 0.0126953125 0.01953125
1 0.21484375 0.3509114583333333 0.015625 0.01953125
1 0.21923828125 0.3157552083333333 0.0166015625 0.024739583333333332
1 0.2177734375 0.2766927083333333 0.01171875 0.022135416666666664
1 0.21923828125 0.24348958333333331 0.0126953125 0.020833333333333332
1 0.2216796875 0.20768229166666666 0.013671875 0.014322916666666666
1 0.22412109375 0.13932291666666666 0.0146484375 0.020833333333333332
1 0.2236328125 0.17447916666666666 0.009765625 0.020833333333333332
1 0.23291015625 0.431640625 0.0126953125 0.01953125
1 0.232421875 0.46744791666666663 0.009765625 0.020833333333333332
1 0.23583984375 0.3216145833333333 0.0166015625 0.015625
1 0.236328125 0.3938802083333333 0.01171875 0.016927083333333332
1 0.2373046875 0.3587239583333333 0.01171875 0.016927083333333332
1 0.23828125 0.287109375 0.01171875 0.014322916666666666
1 0.2421875 0.21549479166666666 0.015625 0.024739583333333332
1 0.24072265625 0.24934895833333331 0.0107421875 0.01953125
1 0.24365234375 0.181640625 0.0126953125 0.016927083333333332
1 0.24462890625 0.14908854166666666 0.0146484375 0.022135416666666664
1 0.255859375 0.39518229166666663 0.01171875 0.01953125
1 0.25732421875 0.3645833333333333 0.0107421875 0.020833333333333332
1 0.2578125 0.2571614583333333 0.01171875 0.01953125
1 0.2587890625 0.326171875 0.013671875 0.01953125
1 0.2587890625 0.2923177083333333 0.009765625 0.01953125
1 0.26123046875 0.15690104166666666 0.0126953125 0.014322916666666666
1 0.26123046875 0.22395833333333331 0.0126953125 0.018229166666666664
1 0.26416015625 0.19075520833333331 0.0126953125 0.01953125
1 0.27587890625 0.36979166666666663 0.0146484375 0.015625
1 0.27490234375 0.4055989583333333 0.0087890625 0.022135416666666664
1 0.2763671875 0.33268229166666663 0.009765625 0.014322916666666666
1 0.2783203125 0.2962239583333333 0.009765625 0.016927083333333332
1 0.2802734375 0.2669270833333333 0.01171875 0.020833333333333332
1 0.2822265625 0.23177083333333331 0.013671875 0.018229166666666664
1 0.28076171875 0.19791666666666666 0.0068359375 0.018229166666666664
1 0.2841796875 0.16536458333333331 0.013671875 0.0234375
1 0.38720703125 0.529296875 0.0068359375 0.016927083333333332
1 0.39013671875 0.4622395833333333 0.0068359375 0.018229166666666664
1 0.39013671875 0.4973958333333333 0.0068359375 0.0234375
1 0.390625 0.2610677083333333 0.0078125 0.022135416666666664
1 0.390625 0.39127604166666663 0.0078125 0.01953125
1 0.390625 0.42838541666666663 0.0078125 0.015625
1 0.3916015625 0.291015625 0.0078125 0.016927083333333332
1 0.3916015625 0.32421875 0.0078125 0.020833333333333332
1 0.39208984375 0.36002604166666663 0.0048828125 0.016927083333333332
1 0.392578125 0.2265625 0.005859375 0.018229166666666664
1 0.3935546875 0.19466145833333331 0.0078125 0.016927083333333332
1 0.40380859375 0.4895833333333333 0.0107421875 0.020833333333333332
1 0.40185546875 0.419921875 0.0048828125 0.024739583333333332
1 0.40185546875 0.5234375 0.0048828125 0.018229166666666664
1 0.4033203125 0.24934895833333331 0.0078125 0.01953125
1 0.40380859375 0.349609375 0.0068359375 0.022135416666666664
1 0.40380859375 0.453125 0.0068359375 0.018229166666666664
1 0.4052734375 0.2864583333333333 0.009765625 0.018229166666666664
1 0.40576171875 0.38346354166666663 0.0068359375 0.01953125
1 0.40625 0.21940104166666666 0.0078125 0.01953125
1 0.40625 0.318359375 0.0078125 0.016927083333333332
1 0.40771484375 0.18880208333333331 0.0107421875 0.018229166666666664
1 0.41650390625 0.4114583333333333 0.0126953125 0.018229166666666664
1 0.41796875 0.376953125 0.009765625 0.022135416666666664
1 0.41796875 0.3059895833333333 0.0078125 0.020833333333333332
1 0.41796875 0.3430989583333333 0.0078125 0.01953125
1 0.41845703125 0.2708333333333333 0.0087890625 0.018229166666666664
1 0.41845703125 0.447265625 0.0087890625 0.01953125
1 0.41845703125 0.517578125 0.0087890625 0.01953125
1 0.4189453125 0.4876302083333333 0.0078125 0.022135416666666664
1 0.4189453125 0.17838541666666666 0.005859375 0.018229166666666664
1 0.41943359375 0.20833333333333331 0.0068359375 0.020833333333333332
1 0.41943359375 0.2421875 0.0068359375 0.020833333333333332
1 0.43017578125 0.51171875 0.0107421875 0.018229166666666664
1 0.43212890625 0.44205729166666663 0.0146484375 0.029947916666666664
1 0.43115234375 0.404296875 0.0087890625 0.01953125
1 0.43212890625 0.2962239583333333 0.0107421875 0.024739583333333332
1 0.4326171875 0.37174479166666663 0.01171875 0.02734375
1 0.43212890625 0.4778645833333333 0.0068359375 0.020833333333333332
1 0.43359375 0.23567708333333331 0.009765625 0.0234375
1 0.43359375 0.5494791666666666 0.009765625 0.020833333333333332
1 0.4326171875 0.16731770833333331 0.005859375 0.01953125
1 0.43359375 0.267578125 0.0078125 0.022135416666666664
1 0.43310546875 0.33658854166666663 0.0048828125 0.016927083333333332
1 0.43505859375 0.19986979166666666 0.0068359375 0.022135416666666664
1 0.4462890625 0.29296875 0.013671875 0.018229166666666664
1 0.44482421875 0.36393229166666663 0.0087890625 0.022135416666666664
1 0.44580078125 0.32682291666666663 0.0107421875 0.020833333333333332
1 0.44677734375 0.546875 0.0126953125 0.015625
1 0.44677734375 0.15885416666666666 0.0087890625 0.018229166666666664
1 0.44677734375 0.47526041666666663 0.0087890625 0.026041666666666664
1 0.447265625 0.193359375 0.0078125 0.01953125
1 0.447265625 0.22265625 0.0078125 0.026041666666666664
1 0.447265625 0.43359375 0.0078125 0.020833333333333332
1 0.4482421875 0.2578125 0.009765625 0.020833333333333332
1 0.4482421875 0.40104166666666663 0.009765625 0.020833333333333332
1 0.44921875 0.509765625 0.0078125 0.01953125
1 0.4609375 0.181640625 0.01171875 0.024739583333333332
1 0.46044921875 0.35546875 0.0087890625 0.0234375
1 0.46142578125 0.43033854166666663 0.0107421875 0.02734375
1 0.462890625 0.3196614583333333 0.013671875 0.024739583333333332
1 0.46142578125 0.24739583333333331 0.0068359375 0.020833333333333332
1 0.46240234375 0.21484375 0.0087890625 0.018229166666666664
1 0.46240234375 0.390625 0.0087890625 0.0234375
1 0.46337890625 0.146484375 0.0107421875 0.01953125
1 0.4638671875 0.541015625 0.01171875 0.022135416666666664
1 0.46142578125 0.2805989583333333 0.0048828125 0.022135416666666664
1 0.46337890625 0.46484375 0.0068359375 0.0234375
1 0.46435546875 0.5065104166666666 0.0087890625 0.028645833333333332
1 0.4765625 0.16861979166666666 0.01171875 0.01953125
1 0.4755859375 0.2747395833333333 0.0078125 0.026041666666666664
1 0.4755859375 0.3118489583333333 0.0078125 0.029947916666666664
1 0.47607421875 0.20638020833333331 0.0087890625 0.024739583333333332
1 0.47509765625 0.134765625 0.0029296875 0.01953125
1 0.4765625 0.23893229166666666 0.005859375 0.016927083333333332
1 0.4765625 0.34765625 0.005859375 0.020833333333333332
1 0.478515625 0.384765625 0.009765625 0.024739583333333332
1 0.48193359375 0.498046875 0.0166015625 0.022135416666666664
1 0.48095703125 0.42252604166666663 0.0126953125 0.022135416666666664
1 0.4794921875 0.45963541666666663 0.0078125 0.0234375
1 0.48095703125 0.5390625 0.0107421875 0.026041666666666664
1 0.48046875 0.6588541666666666 0.0078125 0.026041666666666664
1 0.4921875 0.2630208333333333 0.01171875 0.020833333333333332
1 0.4912109375 0.16145833333333331 0.0078125 0.020833333333333332
1 0.49267578125 0.125 0.0107421875 0.020833333333333332
1 0.49267578125 0.19466145833333331 0.0107421875 0.024739583333333332
1 0.49267578125 0.22981770833333331 0.0107421875 0.024739583333333332
1 0.4931640625 0.2981770833333333 0.01171875 0.026041666666666664
1 0.494140625 0.45703125 0.013671875 0.0234375
1 0.49462890625 0.33854166666666663 0.0107421875 0.0234375
1 0.49609375 0.419921875 0.013671875 0.02734375
1 0.49560546875 0.37890625 0.0087890625 0.018229166666666664
1 0.49609375 0.5748697916666666 0.0078125 0.024739583333333332
1 0.49658203125 0.533203125 0.0087890625 0.03255208333333333
1 0.49755859375 0.4915364583333333 0.0068359375 0.01953125
1 0.50048828125 0.654296875 0.0107421875 0.022135416666666664
1 0.5078125 0.115234375 0.015625 0.02734375
1 0.50634765625 0.18489583333333331 0.0107421875 0.018229166666666664
1 0.5068359375 0.15104166666666666 0.0078125 0.026041666666666664
1 0.50927734375 0.21809895833333331 0.0126953125 0.022135416666666664
1 0.5087890625 0.2552083333333333 0.009765625 0.020833333333333332
1 0.51171875 0.29296875 0.015625 0.018229166666666664
1 0.509765625 0.3313802083333333 0.0078125 0.022135416666666664
1 0.51318359375 0.36979166666666663 0.0146484375 0.028645833333333332
1 0.5126953125 0.4466145833333333 0.01171875 0.026041666666666664
1 0.5146484375 0.60546875 0.015625 0.0234375
1 0.51318359375 0.40885416666666663 0.0107421875 0.0234375
1 0.513671875 0.4876302083333333 0.01171875 0.02734375
1 0.5146484375 0.525390625 0.009765625 0.024739583333333332
1 0.5146484375 0.5690104166666666 0.009765625 0.026041666666666664
1 0.515625 0.6510416666666666 0.009765625 0.020833333333333332
1 0.5224609375 0.10286458333333333 0.0078125 0.0234375
1 0.5244140625 0.13671875 0.01171875 0.020833333333333332
1 0.5244140625 0.17447916666666666 0.01171875 0.018229166666666664
1 0.52587890625 0.208984375 0.0107421875 0.029947916666666664
1 0.52685546875 0.24544270833333331 0.0087890625 0.024739583333333332
1 0.52734375 0.2864583333333333 0.009765625 0.026041666666666664
1 0.52734375 0.3235677083333333 0.009765625 0.022135416666666664
1 0.5283203125 0.361328125 0.01171875 0.024739583333333332
1 0.52880859375 0.439453125 0.0107421875 0.022135416666666664
1 0.53076171875 0.39908854166666663 0.0087890625 0.024739583333333332
1 0.53125 0.560546875 0.009765625 0.022135416666666664
1 0.53173828125 0.646484375 0.0087890625 0.022135416666666664
1 0.5341796875 0.6041666666666666 0.013671875 0.020833333333333332
1 0.5361328125 0.51953125 0.017578125 0.03125
1 0.53271484375 0.4798177083333333 0.0068359375 0.02734375
1 0.54541015625 0.19596354166666666 0.0185546875 0.022135416666666664
1 0.541015625 0.09309895833333333 0.0078125 0.022135416666666664
1 0.54248046875 0.12565104166666666 0.0107421875 0.024739583333333332
1 0.54296875 0.234375 0.009765625 0.026041666666666664
1 0.5439453125 0.16145833333333331 0.01171875 0.0234375
1 0.546875 0.2734375 0.009765625 0.020833333333333332
1 0.546875 0.3138020833333333 0.009765625 0.0234375
1 0.54638671875 0.3528645833333333 0.0068359375 0.020833333333333332
1 0.54833984375 0.43229166666666663 0.0107421875 0.0234375
1 0.5498046875 0.474609375 0.009765625 0.024739583333333332
1 0.55078125 0.5572916666666666 0.01171875 0.028645833333333332
1 0.5517578125 0.3919270833333333 0.013671875 0.026041666666666664
1 0.5517578125 0.515625 0.013671875 0.0234375
1 0.5517578125 0.6002604166666666 0.009765625 0.020833333333333332
1 0.5537109375 0.642578125 0.01171875 0.024739583333333332
1 0.55810546875 0.07942708333333333 0.0087890625 0.026041666666666664
1 0.560546875 0.11653645833333333 0.01171875 0.024739583333333332
1 0.5615234375 0.18684895833333331 0.009765625 0.02734375
1 0.56201171875 0.228515625 0.0107421875 0.02734375
1 0.56298828125 0.263671875 0.0126953125 0.02734375
1 0.56201171875 0.1484375 0.0087890625 0.0234375
1 0.56494140625 0.302734375 0.0087890625 0.022135416666666664
1 0.56689453125 0.3860677083333333 0.0107421875 0.02734375
1 0.56884765625 0.3430989583333333 0.0146484375 0.02734375
1 0.5693359375 0.46875 0.015625 0.03125
1 0.568359375 0.505859375 0.01171875 0.029947916666666664
1 0.56982421875 0.55078125 0.0146484375 0.028645833333333332
1 0.56884765625 0.42838541666666663 0.0107421875 0.028645833333333332
1 0.57080078125 0.5963541666666666 0.0107421875 0.028645833333333332
1 0.57275390625 0.638671875 0.0126953125 0.024739583333333332
