1 0.0359375 0.05859375 0.0375 0.10625
1 0.115625 0.0484375 0.03828125 0.0890625
1 0.1859375 0.0453125 0.0359375 0.0875
1 0.034375 0.184375 0.0375 0.096875
1 0.11171875 0.17578125 0.03984375 0.10234375
1 0.18359375 0.16953125 0.040625 0.10390625
1 0.034375 0.31875 0.04140625 0.12265625
1 0.1125 0.31171875 0.04921875 0.125
1 0.184375 0.3078125 0.04375 0.10625
1 0.0328125 0.4515625 0.040625 0.09140625
1 0.1109375 0.45078125 0.04453125 0.10078125
1 0.18203125 0.42890625 0.03984375 0.0875
1 0.28828125 0.0640625 0.03203125 0.0765625
1 0.284375 0.2046875 0.028125 0.078125
1 0.2828125 0.34375 0.034375 0.10234375
1 0.35234375 0.2140625 0.0296875 0.0890625
1 0.353125 0.34296875 0.04140625 0.11171875
1 0.5265625 0.1 0.0375 0.06171875
1 0.35546875 0.05703125 0.03125 0.0765625
1 0.4265625 0.20546875 0.03515625 0.10234375
1 0.4234375 0.33203125 0.04453125 0.11015625
1 0.425 0.46015625 0.03984375 0.078125
1 0.49609375 0.459375 0.05 0.0796875
1 0.5625 0.4515625 0.04375 0.07265625
1 0.5625 0.3171875 0.0375 0.11015625
1 0.49765625 0.328125 0.04296875 0.10390625
1 0.49609375 0.20390625 0.03984375 0.0984375
1 0.56328125 0.19921875 0.034375 0.08203125
1 0.590625 0.09140625 0.0375 0.06328125
1 0.67265625 0.19375 0.0375 0.078125
1 0.67109375 0.30703125 0.0375 0.09296875
1 0.6796875 0.453125 0.0328125 0.08359375
1 0.75390625 0.06796875 0.03515625 0.0578125
1 0.76640625 0.184375 0.0328125 0.0859375
1 0.7640625 0.30625 0.03515625 0.0984375
1 0.76875 0.4359375 0.0375 0.08203125
1 0.88828125 0.1125 0.04140625 0.11015625
1 0.89296875 0.26796875 0.0484375 0.13046875
1 0.89453125 0.409375 0.04296875 0.11171875
1 0.97734375 0.1109375 0.04296875 0.11015625
1 0.97890625 0.275 0.040625 0.13984375
1 0.98046875 0.41328125 0.0375 0.12265625
