1 0.25390625 0.38515625 0.06015625 0.19375
1 0.64140625 0.4 0.09375 0.215625
1 0.83203125 0.41796875 0.09296875 0.2140625
1 0.80234375 0.68515625 0.06640625 0.1828125
1 0.875 0.6859375 0.06015625 0.165625
1 0.43515625 0.39921875 0.0875 0.21015625
1 0.440625 0.115625 0.078125 0.19765625
1 0.6453125 0.1265625 0.0703125 0.20859375
1 0.821875 0.14140625 0.08046875 0.20859375
1 0.25234375 0.11953125 0.06875 0.1859375
1 0.03828125 0.4359375 0.0703125 0.2234375
1 0.0375 0.14375 0.075 0.20859375
1 0.19375 0.65703125 0.06640625 0.1859375
1 0.2640625 0.66171875 0.06015625 0.18828125
1 0.39296875 0.6640625 0.06640625 0.18046875
1 0.46171875 0.67109375 0.06875 0.18046875
