1 0.165625 0.1515625 0.06171875 0.18828125
1 0.24765625 0.1390625 0.0609375 0.1765625
1 0.16484375 0.3640625 0.05625 0.146875
1 0.24765625 0.35625 0.0484375 0.15859375
1 0.34765625 0.35625 0.05859375 0.1765625
1 0.496875 0.353125 0.1171875 0.1765625
1 0.4578125 0.125 0.05625 0.15625
1 0.51796875 0.115625 0.0578125 0.14921875
1 0.3453125 0.1359375 0.06484375 0.17109375
1 0.6078125 0.10546875 0.04453125 0.1546875
1 0.6734375 0.09375 0.05 0.15078125
1 0.646875 0.33515625 0.12734375 0.175
1 0.78984375 0.31640625 0.05859375 0.18984375
1 0.9296875 0.3046875 0.05234375 0.165625
1 0.78125 0.0953125 0.05546875 0.15234375
1 0.9234375 0.07890625 0.05859375 0.14375
