1 0.39375 0.3984375 0.1078125 0.215625
1 0.59453125 0.409375 0.10390625 0.2125
1 0.790625 0.36015625 0.0765625 0.2140625
1 0.78828125 0.10234375 0.078125 0.19765625
1 0.5953125 0.13203125 0.08046875 0.2125
1 0.396875 0.1171875 0.090625 0.20078125
1 0.1921875 0.10703125 0.07890625 0.18828125
1 0.175 0.37265625 0.1078125 0.2125
1 0.12265625 0.64921875 0.0703125 0.18828125
1 0.2015625 0.65390625 0.07890625 0.19765625
1 0.803125 0.6359375 0.0921875 0.23671875
1 0.9703125 0.0921875 0.05625 0.1765625
1 0.9671875 0.36875 0.06171875 0.19765625
1 0.9640625 0.6359375 0.06953125 0.20703125
