1 0.9328125 0.2515625 0.04921875 0.096875
1 0.93984375 0.37265625 0.05234375 0.1078125
1 0.93984375 0.47734375 0.04609375 0.10234375
1 0.86328125 0.48671875 0.03828125 0.08359375
1 0.8625 0.38515625 0.03828125 0.096875
1 0.85859375 0.28046875 0.0375 0.08359375
1 0.79296875 0.3015625 0.04296875 0.0890625
1 0.7984375 0.40625 0.03203125 0.096875
1 0.79921875 0.49453125 0.0359375 0.0765625
1 0.74609375 0.50078125 0.034375 0.08203125
1 0.74453125 0.321875 0.034375 0.0671875
1 0.64453125 0.525 0.0265625 0.059375
1 0.63984375 0.45546875 0.028125 0.05390625
