1 0.0421875 0.4171875 0.04375 0.15234375
1 0.11171875 0.415625 0.05625 0.1453125
1 0.18828125 0.4203125 0.06015625 0.15078125
1 0.2640625 0.43046875 0.05 0.175
1 0.3265625 0.41875 0.053125 0.16015625
1 0.396875 0.42421875 0.0484375 0.15234375
1 0.4015625 0.25234375 0.04375 0.11328125
1 0.334375 0.24765625 0.04921875 0.134375
1 0.27109375 0.24921875 0.0484375 0.1265625
1 0.203125 0.24765625 0.04453125 0.14140625
1 0.40703125 0.10234375 0.04453125 0.1265625
1 0.34140625 0.10390625 0.05 0.11953125
1 0.20546875 0.1 0.05234375 0.1171875
1 0.27734375 0.1015625 0.04140625 0.125
1 0.496875 0.05390625 0.04921875 0.10390625
1 0.4921875 0.18359375 0.05 0.13203125
1 0.48828125 0.32890625 0.06171875 0.15078125
1 0.484375 0.484375 0.05625 0.14921875
1 0.571875 0.4953125 0.05859375 0.1453125
1 0.57265625 0.3359375 0.05546875 0.15078125
1 0.5734375 0.190625 0.0578125 0.1359375
1 0.57890625 0.05703125 0.0484375 0.11328125
1 0.64921875 0.059375 0.04375 0.1078125
1 0.64921875 0.190625 0.0515625 0.128125
1 0.64609375 0.3359375 0.046875 0.14375
1 0.6453125 0.50078125 0.0515625 0.1453125
1 0.70859375 0.50546875 0.053125 0.13984375
1 0.703125 0.33828125 0.046875 0.13984375
1 0.703125 0.1984375 0.04921875 0.13203125
1 0.70703125 0.06328125 0.05234375 0.115625
1 0.771875 0.35390625 0.05234375 0.13046875
1 0.77265625 0.50859375 0.05234375 0.134375
1 0.77890625 0.67890625 0.040625 0.13203125
1 0.84765625 0.6796875 0.04140625 0.134375
1 0.92734375 0.67890625 0.046875 0.13203125
1 0.925 0.51796875 0.053125 0.1265625
1 0.91796875 0.359375 0.04609375 0.13046875
1 0.8375 0.5046875 0.06015625 0.1375
