1 0.0419921875 0.5686416184971098 0.060546875 0.16040462427745664
1 0.07275390625 0.3222543352601156 0.0751953125 0.14739884393063582
1 0.1689453125 0.36560693641618497 0.060546875 0.13005780346820808
1 0.24560546875 0.6054913294797688 0.0361328125 0.13872832369942195
1 0.26513671875 0.38078034682080925 0.0478515625 0.1690751445086705
1 0.32177734375 0.5946531791907514 0.0458984375 0.157514450867052
1 0.3359375 0.3497109826589595 0.04296875 0.1907514450867052
1 0.42431640625 0.5751445086705202 0.0400390625 0.17052023121387283
1 0.4375 0.31647398843930635 0.05078125 0.21387283236994217
1 0.55322265625 0.5874277456647399 0.0380859375 0.16329479768786126
1 0.60205078125 0.6105491329479769 0.0341796875 0.15173410404624277
1 0.67041015625 0.6336705202312138 0.0126953125 0.13728323699421965
