1 0.09609375 0.3703125 0.04453125 0.1640625
1 0.22578125 0.36875 0.04921875 0.17109375
1 0.32890625 0.40390625 0.05 0.17109375
1 0.22109375 0.13984375 0.0515625 0.16015625
1 0.3234375 0.171875 0.04921875 0.16171875
1 0.4046875 0.1703125 0.04921875 0.165625
1 0.4078125 0.39453125 0.0515625 0.16015625
1 0.49375 0.14609375 0.05546875 0.14375
1 0.5 0.3828125 0.04921875 0.16953125
1 0.59453125 0.1453125 0.05 0.14921875
1 0.60078125 0.371875 0.0515625 0.165625
1 0.68828125 0.134375 0.05 0.16015625
1 0.69609375 0.35 0.04375 0.14921875
1 0.76796875 0.13671875 0.06015625 0.16953125
1 0.7734375 0.3453125 0.05546875 0.14375
1 0.8671875 0.125 0.05546875 0.16015625
1 0.88203125 0.33046875 0.0546875 0.165625
