1 0.18359375 0.340625 0.078125 0.19375
1 0.2921875 0.33046875 0.06484375 0.21015625
1 0.17890625 0.68515625 0.078125 0.24921875
1 0.18984375 0.04453125 0.0640625 0.0890625
1 0.4265625 0.32578125 0.08125 0.2046875
1 0.56171875 0.30625 0.0765625 0.20703125
1 0.675 0.29921875 0.08125 0.1953125
1 0.5734375 0.6609375 0.08125 0.2421875
1 0.69375 0.65078125 0.0921875 0.24765625
1 0.8625 0.63046875 0.090625 0.23984375
1 0.84140625 0.29765625 0.1015625 0.21953125
1 0.6625 0.06328125 0.075 0.12265625
1 0.55390625 0.06875 0.07578125 0.1375
1 0.4234375 0.053125 0.07890625 0.10625
1 0.29375 0.04296875 0.0640625 0.08203125
1 0.98125 0.29140625 0.03515625 0.225
1 0.8234375 0.046875 0.07265625 0.0890625
1 0.978125 0.03828125 0.04140625 0.07265625
