1 0.18125 0.1125 0.09921875 0.221875
1 0.18125 0.4140625 0.0921875 0.2328125
1 0.159375 0.68515625 0.1140625 0.22734375
1 0.3203125 0.69453125 0.071875 0.215625
1 0.421875 0.6953125 0.075 0.225
1 0.33046875 0.42265625 0.06015625 0.21953125
1 0.42890625 0.43046875 0.06328125 0.2234375
1 0.3390625 0.14140625 0.06171875 0.19765625
1 0.43515625 0.13984375 0.06015625 0.20078125
1 0.5484375 0.14921875 0.0546875 0.2046875
1 0.64765625 0.15546875 0.05625 0.1953125
1 0.8015625 0.15 0.0984375 0.2140625
1 0.78828125 0.45078125 0.0875 0.23125
1 0.64609375 0.44296875 0.06328125 0.2234375
1 0.546875 0.440625 0.06171875 0.225
1 0.6484375 0.68984375 0.040625 0.1765625
1 0.8015625 0.70859375 0.10859375 0.203125
1 0.9765625 0.40390625 0.04453125 0.2046875
1 0.971875 0.68515625 0.053125 0.19375
1 0.975 0.128125 0.0484375 0.20859375
