1 0.08359375 0.29453125 0.0984375 0.2609375
1 0.3265625 0.31171875 0.090625 0.2515625
1 0.54765625 0.321875 0.078125 0.23828125
1 0.3234375 0.66875 0.17109375 0.2640625
1 0.525 0.65625 0.11640625 0.24375
1 0.8390625 0.10703125 0.04453125 0.10234375
1 0.8875 0.20234375 0.03984375 0.11015625
1 0.94296875 0.1734375 0.04609375 0.115625
1 0.840625 0.21796875 0.0328125 0.10390625
1 0.84140625 0.34609375 0.0328125 0.08203125
1 0.88984375 0.33203125 0.040625 0.0953125
1 0.94453125 0.32109375 0.046875 0.0984375
1 0.8453125 0.48828125 0.0296875 0.096875
1 0.89453125 0.48203125 0.03828125 0.096875
1 0.9484375 0.475 0.03828125 0.096875
1 0.92578125 0.60703125 0.08671875 0.09296875
1 0.6984375 0.38984375 0.02890625 0.0875
1 0.74140625 0.38203125 0.034375 0.08203125
1 0.74375 0.503125 0.02890625 0.09296875
1 0.7 0.50078125 0.02890625 0.0859375
1 0.72265625 0.25703125 0.05625 0.05234375
