1 0.015625 0.2328125 0.03125 0.1265625
1 0.015625 0.4015625 0.02890625 0.13984375
1 0.01640625 0.08203125 0.03125 0.10078125
1 0.090625 0.30078125 0.04609375 0.13984375
1 0.08203125 0.45625 0.046875 0.13046875
1 0.1625 0.4578125 0.046875 0.1453125
1 0.2484375 0.30625 0.03515625 0.13203125
1 0.29296875 0.30703125 0.03828125 0.134375
1 0.2859375 0.46953125 0.040625 0.13046875
1 0.28515625 0.621875 0.028125 0.11171875
1 0.34453125 0.634375 0.03515625 0.10625
1 0.41171875 0.6375 0.03515625 0.11328125
1 0.4859375 0.64609375 0.03828125 0.11953125
1 0.3484375 0.46640625 0.04375 0.13203125
1 0.415625 0.46796875 0.04296875 0.146875
1 0.48828125 0.47421875 0.046875 0.13984375
1 0.578125 0.47265625 0.0515625 0.1375
1 0.7109375 0.61171875 0.05 0.125
1 0.71015625 0.42421875 0.0484375 0.13046875
1 0.42109375 0.15 0.03984375 0.10625
1 0.4953125 0.1546875 0.04375 0.11953125
1 0.490625 0.30625 0.0484375 0.13203125
1 0.41875 0.3015625 0.03828125 0.12265625
1 0.353125 0.30390625 0.04609375 0.1375
1 0.81796875 0.428125 0.05859375 0.14921875
1 0.89921875 0.4375 0.05234375 0.134375
1 0.97109375 0.0953125 0.05546875 0.11171875
1 0.975 0.26171875 0.04140625 0.13203125
1 0.97734375 0.4375 0.04296875 0.134375
