1 0.02109375 0.17109375 0.04140625 0.2046875
1 0.13359375 0.16640625 0.0578125 0.2140625
1 0.25625 0.16640625 0.06875 0.221875
1 0.3546875 0.15625 0.0703125 0.23828125
1 0.46953125 0.16171875 0.071875 0.2421875
1 0.603125 0.16640625 0.07578125 0.24375
1 0.35 0.5390625 0.07578125 0.27734375
1 0.4640625 0.5359375 0.08125 0.25703125
1 0.60546875 0.5421875 0.07890625 0.271875
1 0.74921875 0.3796875 0.05859375 0.23828125
1 0.84453125 0.3828125 0.06328125 0.22890625
1 0.975 0.384375 0.0484375 0.2140625
