1 0.23718887262079064 0.8330078125 0.040995607613469986 0.056640625
1 0.24816983894582723 0.7333984375 0.04538799414348463 0.072265625
1 0.2642752562225476 0.63232421875 0.03953147877013177 0.0615234375
1 0.26939970717423134 0.544921875 0.03806734992679356 0.05859375
1 0.28550512445095166 0.46630859375 0.043923865300146414 0.0595703125
1 0.2964860907759883 0.3857421875 0.036603221083455345 0.056640625
1 0.3052708638360176 0.31591796875 0.03367496339677892 0.0498046875
1 0.3169838945827233 0.25 0.03074670571010249 0.044921875
1 0.33162518301610544 0.1875 0.027818448023426062 0.04296875
1 0.335285505124451 0.1328125 0.029282576866764276 0.048828125
1 0.3440702781844802 0.7373046875 0.043923865300146414 0.0703125
1 0.35212298682284043 0.63427734375 0.0424597364568082 0.0576171875
1 0.36822840409956076 0.4619140625 0.04538799414348463 0.0546875
1 0.36749633967789164 0.54638671875 0.03806734992679356 0.0556640625
1 0.37994143484626647 0.384765625 0.0424597364568082 0.05859375
1 0.38726207906295756 0.31494140625 0.048316251830161056 0.0478515625
1 0.39824304538799415 0.24853515625 0.03806734992679356 0.0439453125
1 0.404099560761347 0.18359375 0.04685212298682284 0.044921875
1 0.41215226939970717 0.126953125 0.05124450951683748 0.046875
1 0.42093704245973645 0.73876953125 0.05417276720351391 0.0751953125
1 0.42752562225475843 0.63525390625 0.04685212298682284 0.0595703125
1 0.4355783308931186 0.54541015625 0.05710102489019034 0.0576171875
1 0.44363103953147875 0.4609375 0.043923865300146414 0.0625
1 0.4560761346998536 0.38427734375 0.05710102489019034 0.0537109375
1 0.4575402635431918 0.31005859375 0.048316251830161056 0.0517578125
1 0.45973645680819913 0.24560546875 0.043923865300146414 0.0419921875
1 0.46486090775988287 0.18359375 0.048316251830161056 0.044921875
1 0.47291361639824303 0.11865234375 0.043923865300146414 0.0439453125
1 0.5505124450951684 0.7373046875 0.055636896046852125 0.083984375
1 0.5519765739385066 0.630859375 0.05856515373352855 0.05859375
1 0.5607613469985359 0.37890625 0.0527086383601757 0.056640625
1 0.5592972181551976 0.54345703125 0.043923865300146414 0.0595703125
1 0.5592972181551976 0.45849609375 0.03806734992679356 0.0537109375
1 0.5644216691068814 0.30810546875 0.03953147877013177 0.0478515625
1 0.5658857979502196 0.24462890625 0.0424597364568082 0.0439453125
1 0.568081991215227 0.17724609375 0.04685212298682284 0.0498046875
1 0.5695461200585652 0.1181640625 0.043923865300146414 0.05078125
1 0.6303074670571011 0.12353515625 0.060029282576866766 0.0615234375
1 0.6325036603221084 0.4580078125 0.055636896046852125 0.05859375
1 0.6325036603221084 0.73876953125 0.055636896046852125 0.0751953125
1 0.6303074670571011 0.6337890625 0.04538799414348463 0.06640625
1 0.6339677891654466 0.37841796875 0.043923865300146414 0.0517578125
1 0.6346998535871157 0.1767578125 0.04538799414348463 0.044921875
1 0.6346998535871157 0.31005859375 0.04538799414348463 0.0517578125
1 0.6376281112737922 0.5439453125 0.05124450951683748 0.060546875
1 0.636896046852123 0.23974609375 0.03806734992679356 0.0439453125
1 0.8418740849194729 0.73974609375 0.1054172767203514 0.2197265625
