1 0.9234375 0.4203125 0.06171875 0.1734375
1 0.84375 0.4359375 0.05 0.15625
1 0.84140625 0.2265625 0.05234375 0.13203125
1 0.91796875 0.1890625 0.05859375 0.16171875
1 0.1265625 0.45703125 0.04609375 0.1171875
1 0.1359375 0.1609375 0.03984375 0.11328125
1 0.209375 0.20703125 0.0359375 0.1265625
1 0.25390625 0.228125 0.0375 0.128125
1 0.24609375 0.471875 0.0296875 0.11015625
1 0.1984375 0.46484375 0.03984375 0.11328125
1 0.02109375 0.4453125 0.0421875 0.13125
1 0.021875 0.26875 0.04375 0.12109375
1 0.0265625 0.103125 0.053125 0.1359375
1 0.2171875 0.078125 0.02890625 0.096875
1 0.25625 0.1078125 0.0296875 0.0859375
1 0.14296875 0.03828125 0.040625 0.0765625
1 0.3140625 0.16875 0.028125 0.08359375
1 0.35703125 0.1953125 0.0265625 0.05234375
1 0.3015625 0.61796875 0.028125 0.0890625
