1 0.54296875 0.35078125 0.096875 0.22890625
1 0.7234375 0.36953125 0.06953125 0.1921875
1 0.9203125 0.096875 0.0953125 0.1828125
1 0.7265625 0.10625 0.06875 0.20859375
1 0.55 0.0875 0.0984375 0.16796875
1 0.36640625 0.0953125 0.075 0.18984375
1 0.35859375 0.3546875 0.08046875 0.19921875
1 0.5453125 0.6375 0.1078125 0.21015625
1 0.35078125 0.63046875 0.096875 0.203125
1 0.91875 0.65078125 0.11953125 0.225
1 0.91171875 0.38203125 0.096875 0.215625
1 0.15078125 0.38984375 0.10078125 0.24375
1 0.09765625 0.65546875 0.06953125 0.1859375
1 0.1734375 0.66640625 0.0703125 0.1828125
1 0.16328125 0.11953125 0.08203125 0.2125
