1 0.3703125 0.353125 0.0953125 0.23671875
1 0.55078125 0.6828125 0.0890625 0.221875
1 0.54296875 0.34375 0.09296875 0.2328125
1 0.2015625 0.35546875 0.10234375 0.24921875
1 0.2015625 0.7 0.09296875 0.2234375
1 0.2109375 0.084375 0.078125 0.165625
1 0.36953125 0.08125 0.08359375 0.16171875
1 0.54296875 0.07421875 0.0734375 0.1453125
1 0.759375 0.09765625 0.1015625 0.18046875
1 0.77109375 0.38046875 0.10859375 0.18046875
1 0.95 0.36875 0.096875 0.20859375
1 0.93671875 0.10390625 0.1046875 0.2078125
