1 0.65625 0.36796875 0.09921875 0.2625
1 0.84375 0.3671875 0.10390625 0.253125
1 0.25390625 0.384375 0.084375 0.225
1 0.453125 0.66484375 0.14296875 0.25703125
1 0.65625 0.67421875 0.1109375 0.25703125
1 0.46015625 0.3625 0.12890625 0.24375
1 0.26796875 0.10625 0.0703125 0.2125
1 0.05546875 0.36953125 0.0984375 0.2328125
1 0.05 0.65234375 0.096875 0.2140625
1 0.465625 0.08359375 0.115625 0.1671875
1 0.65703125 0.09375 0.09375 0.18046875
1 0.83671875 0.096875 0.096875 0.1828125
1 0.05703125 0.09375 0.1140625 0.18046875
