1 0.40546875 0.19296875 0.03515625 0.125
1 0.44921875 0.1546875 0.03984375 0.12265625
1 0.49375 0.12421875 0.04140625 0.13984375
1 0.5703125 0.08359375 0.05546875 0.15625
1 0.40625 0.3734375 0.04140625 0.13984375
1 0.45703125 0.3546875 0.03984375 0.15078125
1 0.4984375 0.33125 0.04609375 0.16015625
1 0.5734375 0.30625 0.05625 0.18828125
1 0.5828125 0.5734375 0.0546875 0.215625
1 0.50625 0.5734375 0.04375 0.1828125
1 0.45546875 0.57890625 0.04140625 0.16796875
1 0.409375 0.57734375 0.04453125 0.16796875
