1 0.11812500000000001 0.5037520000000001 0.018750000000000003 0.06378999999999996
1 0.2134375 0.4615385000000001 0.02812500000000001 0.06378899999999998
1 0.3128125 0.45121950000000005 0.021874999999999978 0.146341
1 0.4353125 0.7021575000000001 0.06687500000000002 0.10225099999999998
1 0.4740625 0.4174485 0.08187500000000003 0.15947500000000003
1 0.5921875 0.7021574999999999 0.016874999999999973 0.070357
1 0.6496875 0.44137000000000004 0.06062500000000004 0.130394
1 0.6946875 0.70591 0.016874999999999973 0.066604
1 0.78625 0.466698 0.04875000000000007 0.12664200000000003
1 0.9403125 0.60788 0.015625 0.06379000000000001
1 0.9415625 0.6918385 0.015625 0.030957000000000016
