1 0.15447149999999998 0.2940625 0.100517 0.19187500000000002
1 0.34996299999999997 0.6212500000000001 0.06873599999999996 0.13875000000000004
1 0.34885400000000005 0.38187499999999996 0.060606000000000056 0.14875
1 0.4915005 0.4453125 0.03991100000000003 0.12437499999999996
1 0.493348 0.6384375 0.04065000000000002 0.11062499999999997
1 0.6267555 0.4446875 0.03252100000000002 0.109375
1 0.6297115 0.2846875 0.03843299999999994 0.11437499999999998
1 0.6943830000000001 0.3334375 0.03473800000000005 0.09937499999999999
1 0.6966 0.6290625000000001 0.025868 0.09187500000000004
1 0.706578 0.4665625 0.03843399999999997 0.085625
1 0.7427940000000001 0.6390625000000001 0.026608000000000076 0.08187500000000003
1 0.7487065 0.4771875 0.022173 0.08187499999999992
1 0.771988 0.4896875 0.024389999999999912 0.073125
1 0.8004435 0.5365625 0.023650999999999974 0.05812500000000009
1 0.8196599999999999 0.4290625 0.01773799999999992 0.05812499999999998
1 0.8348115 0.649375 0.019955000000000056 0.05125000000000002
1 0.831855 0.5521875 0.009608000000000061 0.06187500000000001
1 0.8529195 0.4575 0.02069500000000002 0.05624999999999997
1 0.8584624999999999 0.5665625000000001 0.014043000000000028 0.05437499999999995
1 0.8632670000000001 0.5659375 0.01625999999999994 0.04437500000000005
1 0.8617885000000001 0.655625 0.011824999999999974 0.05125000000000002
1 0.8658534999999999 0.6571875 0.014042999999999917 0.04937500000000006
1 0.8976345 0.5393749999999999 0.015520999999999896 0.05500000000000005
1 0.8965264999999999 0.451875 0.010346999999999995 0.06
1 0.9168514999999999 0.47125 0.014043000000000028 0.05125000000000002
1 0.9168515 0.5496875 0.009608999999999979 0.05437500000000006
1 0.9186995000000001 0.638125 0.010347000000000106 0.05124999999999991
1 0.9223945 0.4703125 0.011824999999999974 0.05812500000000004
1 0.9349595 0.4878125 0.01773900000000006 0.04937499999999995
1 0.9353284999999999 0.563125 0.014043000000000028 0.05125000000000002
1 0.9390244999999999 0.644375 0.014043000000000028 0.050000000000000044
1 0.9619364999999999 0.5996874999999999 0.03030299999999997 0.03937500000000005
1 0.9604579999999999 0.5315624999999999 0.024390000000000023 0.03937500000000005
