1 0.1453125 0.11171875 0.04921875 0.17890625
1 0.14765625 0.35390625 0.0484375 0.175
1 0.2375 0.115625 0.06171875 0.1828125
1 0.234375 0.33828125 0.0484375 0.1734375
1 0.321875 0.10078125 0.05546875 0.1640625
1 0.32265625 0.3296875 0.05546875 0.16015625
1 0.4109375 0.09609375 0.05625 0.1546875
1 0.4109375 0.31875 0.0515625 0.16015625
1 0.55234375 0.10703125 0.0640625 0.184375
1 0.5578125 0.33671875 0.0640625 0.19375
1 0.67890625 0.33046875 0.05859375 0.1953125
1 0.7640625 0.315625 0.05234375 0.18828125
1 0.8890625 0.31171875 0.071875 0.19921875
