1 0.54375 0.29453125 0.04296875 0.078125
1 0.59765625 0.29453125 0.03984375 0.07421875
1 0.65078125 0.29453125 0.04453125 0.07421875
1 0.70703125 0.30078125 0.04609375 0.06875
1 0.7609375 0.309375 0.04609375 0.078125
1 0.81875 0.31171875 0.04375 0.07265625
1 0.028125 0.28515625 0.04375 0.07421875
1 0.08359375 0.2828125 0.04453125 0.07421875
1 0.13671875 0.28515625 0.04453125 0.078125
1 0.19375 0.2875 0.0484375 0.0765625
1 0.25078125 0.2875 0.03984375 0.06484375
1 0.296875 0.28515625 0.04296875 0.07109375
1 0.48828125 0.296875 0.046875 0.07265625
1 0.96875 0.221875 0.05859375 0.1078125
1 0.9109375 0.26328125 0.05 0.09140625
1 0.8671875 0.29296875 0.04375 0.10234375
1 0.03515625 0.10390625 0.06015625 0.0890625
1 0.08671875 0.10703125 0.05859375 0.0953125
1 0.1390625 0.096875 0.06328125 0.09296875
1 0.2 0.1078125 0.04921875 0.07421875
1 0.25234375 0.1 0.05625 0.09140625
1 0.303125 0.103125 0.04296875 0.0796875
1 0.490625 0.11953125 0.0484375 0.0859375
1 0.54375 0.1125 0.04921875 0.0765625
1 0.59609375 0.11640625 0.053125 0.0765625
1 0.65078125 0.12109375 0.053125 0.07421875
1 0.70390625 0.1203125 0.053125 0.0875
1 0.8671875 0.1078125 0.040625 0.0859375
1 0.9125 0.0484375 0.053125 0.0890625
