1 0.8953125 0.36953125 0.08515625 0.2328125
1 0.87890625 0.11328125 0.08046875 0.17890625
1 0.7234375 0.12265625 0.06875 0.1859375
1 0.50390625 0.3390625 0.02109375 0.0484375
1 0.54453125 0.33046875 0.02109375 0.046875
1 0.54453125 0.4 0.02421875 0.05234375
1 0.54609375 0.46640625 0.028125 0.05390625
1 0.50546875 0.40703125 0.02578125 0.05390625
1 0.5046875 0.46796875 0.0265625 0.0578125
1 0.4671875 0.34375 0.02421875 0.046875
1 0.4671875 0.409375 0.0265625 0.0484375
1 0.4671875 0.47421875 0.02890625 0.06171875
1 0.18125 0.44140625 0.0171875 0.04453125
1 0.15390625 0.38515625 0.02109375 0.04453125
1 0.1859375 0.3828125 0.0234375 0.04296875
1 0.14921875 0.44375 0.02109375 0.05
1 0.12421875 0.38828125 0.01640625 0.046875
