1 0.13720703125 0.4700520833333333 0.0224609375 0.041666666666666664
1 0.25634765625 0.5319010416666666 0.0166015625 0.045572916666666664
1 0.259765625 0.4563802083333333 0.017578125 0.045572916666666664
1 0.33251953125 0.53125 0.0224609375 0.049479166666666664
1 0.33642578125 0.44010416666666663 0.0244140625 0.046875
1 0.4267578125 0.42838541666666663 0.021484375 0.05208333333333333
1 0.48583984375 0.5221354166666666 0.0244140625 0.046875
1 0.53369140625 0.5260416666666666 0.0263671875 0.05208333333333333
1 0.53759765625 0.416015625 0.0283203125 0.061197916666666664
1 0.67724609375 0.40104166666666663 0.0361328125 0.06770833333333333
1 0.67724609375 0.51171875 0.0361328125 0.0703125
