1 0.85234375 0.56796875 0.03984375 0.11953125
1 0.9171875 0.56484375 0.04140625 0.11328125
1 0.90859375 0.421875 0.03984375 0.11328125
1 0.9015625 0.28203125 0.040625 0.0984375
1 0.83984375 0.28515625 0.04453125 0.1078125
1 0.84453125 0.41875 0.04375 0.11171875
1 0.78046875 0.4234375 0.04140625 0.12109375
1 0.77421875 0.28515625 0.04296875 0.10390625
1 0.7140625 0.28515625 0.034375 0.1078125
1 0.46875 0.29140625 0.03515625 0.0984375
1 0.40625 0.2953125 0.0328125 0.10234375
1 0.34375 0.29296875 0.03515625 0.0984375
1 0.0515625 0.29921875 0.0328125 0.10234375
1 0.04453125 0.43515625 0.03828125 0.11328125
1 0.03828125 0.56796875 0.03984375 0.0859375
1 0.215625 0.57265625 0.03515625 0.11015625
1 0.340625 0.4328125 0.03828125 0.11328125
1 0.59375 0.42734375 0.0359375 0.11015625
1 0.46953125 0.43203125 0.0375 0.115625
1 0.40625 0.4375 0.04453125 0.12265625
1 0.97734375 0.5625 0.0375 0.11171875
1 0.96328125 0.2828125 0.04609375 0.10390625
1 0.97109375 0.42109375 0.040625 0.12265625
1 0.7203125 0.4234375 0.04140625 0.1171875
1 0.65546875 0.4234375 0.04140625 0.11328125
1 0.46796875 0.5734375 0.03828125 0.11171875
1 0.5296875 0.57265625 0.03984375 0.10625
1 0.5984375 0.57265625 0.03828125 0.1171875
1 0.66171875 0.56953125 0.03515625 0.10078125
1 0.33984375 0.5765625 0.03828125 0.1171875
1 0.2234375 0.2953125 0.0359375 0.10234375
1 0.1046875 0.28828125 0.034375 0.09296875
1 0.096875 0.4328125 0.040625 0.1171875
1 0.14375 0.5671875 0.03984375 0.10625
1 0.5921875 0.29453125 0.03515625 0.10390625
1 0.0578125 0.1890625 0.0296875 0.06484375
1 0.3453125 0.1859375 0.034375 0.07109375
1 0.40625 0.18125 0.03203125 0.0765625
1 0.4671875 0.18359375 0.034375 0.06484375
1 0.5921875 0.1828125 0.0328125 0.07109375
1 0.7703125 0.1796875 0.04296875 0.0765625
1 0.83125 0.17890625 0.04296875 0.07109375
1 0.896875 0.175 0.03984375 0.0671875
1 0.7109375 0.1796875 0.03515625 0.06875
1 0.2203125 0.43125 0.0328125 0.11328125
