1 0.5515625 0.29765625 0.0578125 0.1828125
1 0.66171875 0.296875 0.0609375 0.18046875
1 0.765625 0.296875 0.05625 0.18046875
1 0.86953125 0.29609375 0.0578125 0.18984375
1 0.96796875 0.29609375 0.05546875 0.17890625
1 0.44765625 0.55859375 0.06015625 0.1859375
1 0.5578125 0.55 0.06640625 0.184375
1 0.66796875 0.54453125 0.06015625 0.184375
1 0.7734375 0.53828125 0.0578125 0.17890625
1 0.88125 0.53203125 0.0609375 0.1734375
1 0.97578125 0.5234375 0.04609375 0.1859375
1 0.9609375 0.0734375 0.05625 0.1359375
1 0.8609375 0.078125 0.06484375 0.14921875
1 0.76015625 0.06875 0.06484375 0.1375
1 0.65859375 0.07109375 0.06328125 0.134375
1 0.5515625 0.07109375 0.06640625 0.134375
1 0.44140625 0.07109375 0.06875 0.1265625
1 0.44453125 0.30390625 0.06171875 0.19375
1 0.2 0.3046875 0.0578125 0.18046875
1 0.09921875 0.30390625 0.06171875 0.19765625
1 0.09375 0.56796875 0.0640625 0.19765625
1 0.32890625 0.31015625 0.0609375 0.18828125
1 0.33515625 0.55859375 0.05625 0.175
1 0.103125 0.0734375 0.06484375 0.13984375
1 0.1984375 0.07109375 0.06484375 0.13046875
