1 0.4671875 0.33046875 0.07265625 0.21015625
1 0.66484375 0.3359375 0.08359375 0.2140625
1 0.86328125 0.0890625 0.1109375 0.17109375
1 0.2578125 0.16015625 0.1171875 0.2421875
1 0.08046875 0.16328125 0.09921875 0.24375
1 0.06171875 0.43984375 0.10703125 0.2234375
1 0.25625 0.44140625 0.11875 0.23125
1 0.24375 0.7203125 0.14453125 0.2421875
1 0.05234375 0.721875 0.1046875 0.23984375
1 0.6609375 0.084375 0.0734375 0.15859375
1 0.85546875 0.359375 0.0984375 0.1828125
1 0.46953125 0.0765625 0.08046875 0.14921875
