1 0.63203125 0.3234375 0.06953125 0.15859375
1 0.7359375 0.3203125 0.08125 0.16015625
1 0.7390625 0.09609375 0.07265625 0.1546875
1 0.63671875 0.1265625 0.07890625 0.14921875
1 0.73046875 0.5359375 0.0890625 0.16796875
1 0.62578125 0.52890625 0.07578125 0.1640625
1 0.4890625 0.328125 0.05546875 0.25703125
1 0.48125 0.60390625 0.05234375 0.27734375
1 0.20546875 0.28984375 0.07578125 0.18046875
1 0.19453125 0.5421875 0.0640625 0.18984375
1 0.134375 0.3046875 0.0609375 0.15859375
1 0.14375 0.0890625 0.05234375 0.16015625
1 0.1265625 0.52265625 0.0546875 0.16171875
1 0.03515625 0.140625 0.04921875 0.14375
1 0.50234375 0.1078125 0.04609375 0.215625
