1 0.055071 0.492808 0.032488 0.06128800000000001
1 0.0931065 0.4884305 0.034073000000000006 0.06629100000000004
1 0.13193349999999998 0.4849905 0.03407299999999999 0.06316499999999997
1 0.209192 0.47217 0.04120399999999999 0.06503999999999999
1 0.281696 0.4762355 0.05625999999999998 0.07692299999999996
1 0.27813000000000004 0.2901815 0.028525999999999996 0.052532999999999996
1 0.2812995 0.377423 0.03486499999999998 0.05941200000000002
1 0.337956 0.467167 0.05626000000000003 0.07504599999999995
1 0.33755949999999996 0.2811135 0.04278900000000002 0.044403000000000026
1 0.336767 0.3642905 0.03644999999999998 0.05816100000000002
1 0.399366 0.4656035 0.063392 0.08192699999999997
1 0.3981775 0.3567855 0.04358099999999998 0.066917
1 0.399366 0.2673545 0.045958000000000006 0.05440900000000001
1 0.4825675 0.2457785 0.047543 0.06003700000000001
1 0.4873215 0.3424015 0.047543 0.064415
1 0.4889065 0.4552845 0.047542999999999946 0.07504700000000003
1 0.5974645000000001 0.441526 0.07765499999999992 0.088806
1 0.607765 0.3245775 0.05229799999999996 0.06253900000000001
1 0.6699684999999999 0.431207 0.07527700000000004 0.09568399999999999
1 0.6624410000000001 0.31676 0.05229800000000007 0.07191999999999998
1 0.6600635 0.211695 0.042788999999999966 0.063164
1 0.723851 0.303002 0.04516600000000004 0.07191999999999998
1 0.748019 0.4262035 0.07607000000000008 0.09568500000000002
1 0.8676705 0.4133835 0.09508699999999992 0.10756700000000002
