1 0.63671875 0.31171875 0.05546875 0.1734375
1 0.73046875 0.31640625 0.04921875 0.16015625
1 0.825 0.32109375 0.06015625 0.16953125
1 0.91640625 0.32109375 0.06015625 0.1546875
1 0.7390625 0.54296875 0.05 0.1734375
1 0.63984375 0.54921875 0.05546875 0.17109375
1 0.5359375 0.55 0.05625 0.184375
1 0.534375 0.31171875 0.0609375 0.184375
1 0.53203125 0.0890625 0.05546875 0.14921875
1 0.634375 0.0921875 0.0578125 0.15078125
1 0.72421875 0.09765625 0.046875 0.14375
1 0.81796875 0.096875 0.05234375 0.14921875
1 0.9078125 0.11640625 0.0546875 0.146875
1 0.4265625 0.55703125 0.05859375 0.1828125
1 0.428125 0.30703125 0.0578125 0.1828125
1 0.428125 0.08203125 0.053125 0.15625
1 0.3203125 0.07734375 0.0578125 0.1546875
1 0.31796875 0.30703125 0.0609375 0.18984375
1 0.31484375 0.55390625 0.05625 0.18046875
1 0.2 0.553125 0.06015625 0.1859375
1 0.2015625 0.2953125 0.05859375 0.1953125
1 0.209375 0.07109375 0.05546875 0.14140625
1 0.0921875 0.06484375 0.06484375 0.1265625
1 0.0828125 0.296875 0.06484375 0.203125
1 0.07890625 0.553125 0.05859375 0.17890625
