1 0.020937499999999998 0.661667 0.019375 0.1499999999999999
1 0.0234375 0.41624999999999995 0.021875000000000002 0.14416600000000002
1 0.0265625 0.19416699999999998 0.020624999999999998 0.13499999999999998
1 0.1196875 0.4066665 0.020625000000000004 0.10166700000000001
1 0.1228125 0.6833330000000001 0.02687500000000001 0.09999999999999998
1 0.1203125 0.545417 0.011874999999999997 0.08250000000000002
1 0.1253125 0.278333 0.019375000000000003 0.06500000000000003
1 0.16749999999999998 0.552083 0.014999999999999986 0.08250000000000002
1 0.1690625 0.4170835 0.015625 0.090833
1 0.1715625 0.814583 0.018125000000000002 0.07750000000000001
1 0.17343750000000002 0.2870835 0.016875 0.07916699999999999
1 0.2165625 0.82375 0.020625000000000004 0.08083400000000007
1 0.21468749999999998 0.5620835000000001 0.014374999999999999 0.08083300000000004
1 0.2153125 0.43083350000000004 0.015625 0.098333
1 0.2178125 0.6916665000000001 0.020625000000000004 0.10333300000000001
1 0.21968749999999998 0.305 0.016875 0.063334
1 0.2603125 0.44250000000000006 0.020625000000000004 0.10333400000000004
1 0.265625 0.445833 0.012499999999999956 0.08500000000000002
1 0.2740625 0.32 0.019374999999999976 0.04833399999999999
1 0.2978125 0.325 0.015625 0.04833399999999999
1 0.3453125 0.3366665 0.01687500000000003 0.05166699999999996
1 0.3684375 0.3425 0.01687500000000003 0.048334000000000044
1 0.39093750000000005 0.3525 0.018125000000000002 0.04833399999999999
1 0.4621875 0.37166650000000007 0.013124999999999998 0.04166700000000001
1 0.5934375 0.6229165 0.015625 0.019166999999999934
1 0.7990625 0.3791665 0.028124999999999956 0.096667
1 0.8009375000000001 0.1775 0.030625000000000013 0.09333399999999999
1 0.8790625000000001 0.1704165 0.02937500000000004 0.08583299999999999
1 0.884375 0.37458299999999994 0.03249999999999997 0.09750000000000003
