1 0.52421875 0.3265625 0.06171875 0.18828125
1 0.61875 0.315625 0.06484375 0.1953125
1 0.61328125 0.08125 0.0640625 0.16171875
1 0.5203125 0.08203125 0.0640625 0.16015625
1 0.4296875 0.08828125 0.0578125 0.16171875
1 0.43359375 0.33046875 0.06328125 0.1765625
1 0.62578125 0.571875 0.0640625 0.18984375
1 0.8609375 0.55390625 0.06875 0.1765625
1 0.85078125 0.30625 0.06171875 0.184375
1 0.7421875 0.3125 0.05625 0.1859375
1 0.73046875 0.07109375 0.06171875 0.1375
1 0.95234375 0.06640625 0.0734375 0.125
1 0.96484375 0.29296875 0.0578125 0.19921875
1 0.971875 0.55625 0.0546875 0.19921875
1 0.53125 0.57890625 0.06953125 0.18984375
