1 0.6953125 0.08828125 0.084375 0.16953125
1 0.68671875 0.33203125 0.09296875 0.18828125
1 0.68515625 0.56875 0.09609375 0.184375
1 0.5734375 0.5546875 0.08359375 0.17109375
1 0.57890625 0.3390625 0.08125 0.16015625
1 0.58359375 0.125 0.08359375 0.1640625
1 0.41171875 0.178125 0.0546875 0.1546875
1 0.403125 0.3625 0.0546875 0.13984375
1 0.39609375 0.546875 0.053125 0.14375
1 0.33359375 0.5421875 0.0578125 0.1375
1 0.340625 0.3703125 0.05625 0.13046875
1 0.34375 0.209375 0.053125 0.12109375
1 0.08984375 0.234375 0.0515625 0.14140625
1 0.07734375 0.33828125 0.04140625 0.13203125
1 0.03359375 0.1765625 0.03984375 0.14140625
1 0.16484375 0.3671875 0.02890625 0.06328125
1 0.16875 0.29609375 0.0296875 0.06328125
1 0.16015625 0.44296875 0.028125 0.07421875
