1 0.61328125 0.41875 0.1046875 0.21953125
1 0.78984375 0.43203125 0.12109375 0.20859375
1 0.7859375 0.1515625 0.12734375 0.22890625
1 0.61015625 0.14765625 0.09609375 0.2328125
1 0.43671875 0.140625 0.1015625 0.23984375
1 0.43125 0.40859375 0.1015625 0.21796875
1 0.61328125 0.69453125 0.1046875 0.22734375
1 0.8 0.703125 0.125 0.225
1 0.20390625 0.43203125 0.11328125 0.2640625
1 0.19140625 0.72265625 0.1078125 0.21953125
1 0.21875 0.140625 0.1078125 0.24375
1 0.97265625 0.35 0.05234375 0.15234375
