1 0.74609375 0.47734375 0.05546875 0.146875
1 0.51875 0.47265625 0.0546875 0.13046875
1 0.39609375 0.3234375 0.05625 0.13984375
1 0.39296875 0.48203125 0.053125 0.115625
1 0.29375 0.3234375 0.053125 0.13984375
1 0.396875 0.1765625 0.05234375 0.11953125
1 0.0359375 0.32890625 0.0484375 0.13203125
1 0.29140625 0.47734375 0.046875 0.128125
1 0.81484375 0.4765625 0.053125 0.14140625
1 0.90234375 0.4765625 0.0609375 0.14140625
1 0.9046875 0.2828125 0.0671875 0.14140625
1 0.8046875 0.30234375 0.0546875 0.13203125
1 0.5203125 0.265625 0.06875 0.10625
1 0.4015625 0.04765625 0.0578125 0.09140625
1 0.29921875 0.175 0.046875 0.12265625
1 0.89921875 0.1203125 0.0703125 0.1546875
1 0.60859375 0.4703125 0.053125 0.1546875
1 0.60703125 0.2921875 0.04921875 0.14140625
1 0.02734375 0.48515625 0.05234375 0.1171875
