1 0.39140625 0.16875 0.09921875 0.14375
1 0.4078125 0.6375 0.10859375 0.29609375
1 0.50234375 0.6203125 0.1015625 0.2828125
1 0.31171875 0.66015625 0.09921875 0.2921875
1 0.590625 0.60625 0.096875 0.26640625
1 0.3 0.18359375 0.09609375 0.15859375
1 0.8890625 0.22890625 0.0546875 0.1078125
1 0.571875 0.17421875 0.08125 0.15078125
1 0.4875 0.16875 0.09609375 0.1546875
1 0.95546875 0.171875 0.06171875 0.12109375
1 0.90390625 0.334375 0.0640625 0.11328125
1 0.91171875 0.4484375 0.06328125 0.1078125
1 0.96953125 0.29765625 0.05625 0.13046875
1 0.20703125 0.18984375 0.1046875 0.1640625
1 0.1046875 0.203125 0.10859375 0.1828125
1 0.6390625 0.1859375 0.0671875 0.15625
1 0.6953125 0.21484375 0.04375 0.1546875
1 0.66484375 0.60078125 0.075 0.27734375
