1 0.64921875 0.40859375 0.0609375 0.18828125
1 0.778125 0.39609375 0.06328125 0.1546875
1 0.928125 0.4109375 0.0640625 0.1734375
1 0.5046875 0.41171875 0.0609375 0.175
1 0.371875 0.40625 0.06015625 0.18984375
1 0.21875 0.3890625 0.06640625 0.15234375
1 0.0734375 0.16796875 0.05859375 0.175
1 0.225 0.15703125 0.0609375 0.16953125
1 0.765625 0.16796875 0.05625 0.12265625
1 0.9203125 0.17421875 0.06484375 0.1765625
1 0.64609375 0.17890625 0.06171875 0.1640625
1 0.5078125 0.16640625 0.0640625 0.15859375
1 0.37578125 0.1703125 0.0578125 0.15859375
