1 0.03375 0.7241664999999999 0.0275 0.046667000000000014
1 0.0390625 0.7991665 0.026875 0.061666999999999916
1 0.05 0.8799999999999999 0.026250000000000002 0.06499999999999995
1 0.0578125 0.95375 0.030624999999999993 0.07250000000000001
1 0.088125 0.6995835 0.03375 0.05583300000000002
1 0.0978125 0.7691665 0.023125000000000007 0.05666700000000002
1 0.0996875 0.8504165 0.021875000000000006 0.06916699999999998
1 0.1028125 0.92125 0.020625000000000004 0.05583399999999994
1 0.17 0.7291664999999999 0.03125 0.053332999999999964
1 0.1759375 0.786667 0.03187499999999999 0.04499999999999993
1 0.1825 0.9058335000000001 0.04000000000000001 0.04166700000000001
1 0.183125 0.8483330000000001 0.03875000000000001 0.050000000000000044
1 0.21718749999999998 0.7033329999999999 0.024375000000000008 0.040000000000000036
1 0.221875 0.7620835 0.009999999999999981 0.03916699999999995
1 0.22625 0.81625 0.013750000000000012 0.04083400000000004
1 0.2590625 0.6845835 0.020624999999999977 0.029166999999999943
1 0.263125 0.797917 0.015000000000000013 0.022499999999999964
1 0.263125 0.7329165000000001 0.012499999999999956 0.029167000000000054
1 0.29593749999999996 0.6670835 0.01687500000000003 0.025832999999999995
1 0.2978125 0.71875 0.015625 0.025833999999999913
