1 0.4640625 0.33046875 0.0921875 0.24375
1 0.6015625 0.3296875 0.0921875 0.2640625
1 0.73359375 0.33203125 0.08984375 0.25546875
1 0.9296875 0.3203125 0.1078125 0.2828125
1 0.28671875 0.32890625 0.0890625 0.23984375
1 0.07578125 0.15234375 0.04453125 0.1375
1 0.12421875 0.1890625 0.03515625 0.12109375
1 0.12109375 0.3046875 0.05 0.1171875
1 0.0703125 0.284375 0.053125 0.11328125
1 0.12734375 0.06328125 0.04140625 0.115625
1 0.16640625 0.09296875 0.034375 0.10078125
1 0.1671875 0.3234375 0.04140625 0.10234375
