1 0.0071875 0.052083 0.014375 0.03250000000000001
1 0.07 0.025417 0.06999999999999999 0.0375
1 0.1525 0.0195835 0.010000000000000009 0.020832999999999997
1 0.15375 0.08541649999999999 0.010000000000000009 0.02583300000000001
1 0.16218749999999998 0.2829165 0.009374999999999994 0.010832999999999982
1 0.3015625 0.5308335000000001 0.016874999999999973 0.05833300000000008
1 0.4325 0.3183335 0.0050000000000000044 0.0066669999999999785
1 0.4503125 0.43708300000000005 0.009375000000000022 0.022499999999999964
1 0.4534375 0.48625000000000007 0.010624999999999996 0.02083400000000002
1 0.48968749999999994 0.43541650000000004 0.03562499999999996 0.025832999999999995
1 0.4921875 0.3870835000000001 0.030624999999999958 0.025832999999999995
1 0.53375 0.38625 0.03125 0.02083400000000002
1 0.5393749999999999 0.4533335 0.03749999999999998 0.03833299999999995
1 0.556875 0.38458299999999995 0.0050000000000000044 0.012500000000000011
1 0.5846875 0.222917 0.024375000000000036 0.017500000000000016
1 0.5818749999999999 0.38625000000000004 0.006249999999999978 0.012500000000000011
1 0.8668750000000001 0.17875 0.0050000000000000044 0.022499999999999992
1 0.9146875 0.0529165 0.008124999999999938 0.025833000000000005
1 0.9153125 0.09541700000000002 0.009375000000000022 0.027499999999999997
1 0.9190625 0.17125 0.014375000000000027 0.024165999999999993
1 0.9171875 0.1304165 0.008125000000000049 0.025832999999999995
1 0.92875 0.034999999999999996 0.010000000000000009 0.031666
1 0.9315625000000001 0.0770835 0.010624999999999996 0.029167
