1 0.66484375 0.4015625 0.0703125 0.19921875
1 0.79140625 0.4078125 0.06875 0.18984375
1 0.93515625 0.4171875 0.08203125 0.1828125
1 0.5359375 0.39921875 0.06640625 0.1953125
1 0.5359375 0.1390625 0.0671875 0.1921875
1 0.66328125 0.1421875 0.07265625 0.203125
1 0.9234375 0.15625 0.0765625 0.18984375
1 0.41796875 0.13671875 0.075 0.20703125
1 0.40703125 0.38984375 0.06875 0.19921875
1 0.28203125 0.409375 0.05546875 0.16796875
1 0.1953125 0.4125 0.06328125 0.1734375
1 0.09921875 0.39453125 0.06015625 0.17890625
1 0.1140625 0.1734375 0.0640625 0.1859375
1 0.209375 0.17109375 0.0703125 0.1828125
