1 0.56640625 0.290625 0.084375 0.19765625
1 0.56328125 0.559375 0.09296875 0.20703125
1 0.4359375 0.5453125 0.0875 0.1828125
1 0.4484375 0.29609375 0.07890625 0.1828125
1 0.45390625 0.06640625 0.071875 0.13203125
1 0.26640625 0.0921875 0.06015625 0.146875
1 0.2546875 0.3046875 0.05859375 0.16171875
1 0.2453125 0.51328125 0.06484375 0.16953125
1 0.165625 0.5140625 0.06640625 0.1453125
1 0.1796875 0.315625 0.0640625 0.15078125
1 0.18984375 0.1078125 0.06015625 0.13046875
1 0.09453125 0.15625 0.078125 0.23828125
1 0.07265625 0.3578125 0.08984375 0.19765625
