1 0.48125 0.39296875 0.05859375 0.1859375
1 0.615625 0.40234375 0.06171875 0.19375
1 0.7265625 0.41640625 0.05546875 0.18828125
1 0.840625 0.41796875 0.0640625 0.1765625
1 0.34375 0.37890625 0.06328125 0.1921875
1 0.21171875 0.36875 0.06484375 0.19375
1 0.08203125 0.359375 0.0703125 0.1859375
1 0.10078125 0.10078125 0.0671875 0.1828125
1 0.225 0.10234375 0.078125 0.19375
1 0.484375 0.13203125 0.06328125 0.19765625
1 0.6171875 0.14453125 0.06328125 0.1921875
1 0.725 0.15625 0.05625 0.19765625
1 0.8359375 0.16328125 0.0734375 0.1953125
