1 0.62734375 0.35546875 0.0484375 0.16796875
1 0.72890625 0.35390625 0.04921875 0.1859375
1 0.8265625 0.3484375 0.0609375 0.1828125
1 0.921875 0.34453125 0.06015625 0.1859375
1 0.915625 0.10859375 0.0578125 0.16171875
1 0.81796875 0.12109375 0.05859375 0.175
1 0.721875 0.12578125 0.053125 0.16953125
1 0.6265625 0.12421875 0.05234375 0.1546875
1 0.55625 0.12421875 0.053125 0.15859375
1 0.55859375 0.35625 0.0515625 0.1734375
1 0.425 0.18046875 0.05625 0.175
1 0.42578125 0.41640625 0.05625 0.18046875
1 0.29140625 0.4140625 0.053125 0.1765625
1 0.2953125 0.17890625 0.05625 0.17890625
1 0.1578125 0.18046875 0.06015625 0.175
1 0.1484375 0.4140625 0.06015625 0.1734375
1 0.02421875 0.41796875 0.04609375 0.16953125
1 0.0296875 0.190625 0.05234375 0.16171875
