1 0.3984375 0.378125 0.06875 0.20078125
1 0.56171875 0.3546875 0.06171875 0.14375
1 0.71015625 0.36484375 0.06015625 0.134375
1 0.86015625 0.3609375 0.06171875 0.11953125
1 0.28828125 0.36484375 0.05859375 0.20078125
1 0.1765625 0.353125 0.06484375 0.18828125
1 0.034375 0.34296875 0.06875 0.1890625
1 0.18671875 0.0984375 0.0703125 0.196875
1 0.29296875 0.10390625 0.06171875 0.20078125
1 0.4046875 0.11171875 0.06328125 0.19765625
1 0.56328125 0.1203125 0.06640625 0.203125
1 0.7109375 0.12734375 0.05234375 0.184375
1 0.8546875 0.1296875 0.0640625 0.203125
