1 0.4859375 0.396875 0.07578125 0.2046875
1 0.62578125 0.38984375 0.0765625 0.21015625
1 0.7578125 0.3890625 0.06953125 0.215625
1 0.74609375 0.0828125 0.06875 0.165625
1 0.90703125 0.0796875 0.06640625 0.15625
1 0.62109375 0.090625 0.06640625 0.16171875
1 0.4859375 0.0921875 0.06484375 0.16171875
1 0.35546875 0.39453125 0.08515625 0.2046875
1 0.17890625 0.396875 0.0734375 0.215625
1 0.0484375 0.4046875 0.08046875 0.225
1 0.05 0.09765625 0.06953125 0.1953125
1 0.1796875 0.09296875 0.0671875 0.17890625
1 0.35546875 0.09296875 0.0671875 0.1859375
1 0.7609375 0.64140625 0.06484375 0.0875
1 0.63046875 0.64765625 0.0640625 0.0890625
1 0.4890625 0.65390625 0.0703125 0.08203125
