1 0.6765625 0.3734375 0.07578125 0.19921875
1 0.8078125 0.359375 0.08125 0.2046875
1 0.94375 0.35625 0.0921875 0.1953125
1 0.34609375 0.3703125 0.0765625 0.21953125
1 0.215625 0.37578125 0.08671875 0.19375
1 0.07578125 0.37578125 0.08515625 0.2046875
1 0.08359375 0.0828125 0.0640625 0.165625
1 0.221875 0.090625 0.0671875 0.165625
1 0.34921875 0.090625 0.0765625 0.146875
1 0.50390625 0.0796875 0.08046875 0.1453125
1 0.671875 0.07421875 0.07265625 0.1453125
1 0.79453125 0.07421875 0.071875 0.1375
1 0.9359375 0.07265625 0.075 0.1375
1 0.81171875 0.61640625 0.078125 0.09296875
1 0.9546875 0.60390625 0.0734375 0.10625
1 0.68359375 0.621875 0.08671875 0.10390625
1 0.3484375 0.62734375 0.071875 0.096875
1 0.21640625 0.63671875 0.0734375 0.0890625
1 0.07578125 0.6375 0.0765625 0.0875
