1 0.08552649999999999 0.4703125 0.133459 0.143125
1 0.107613 0.3146875 0.171992 0.09562500000000002
1 0.1405075 0.19874999999999998 0.10996299999999999 0.06125
1 0.399906 0.8340624999999999 0.13063999999999998 0.14687499999999998
1 0.41447350000000005 0.4359375 0.118421 0.11937500000000001
1 0.41823299999999997 0.294375 0.09962399999999999 0.10499999999999998
1 0.4219925 0.16875 0.09210499999999999 0.07375000000000001
1 0.595395 0.1859375 0.08552599999999999 0.080625
1 0.5963350000000001 0.3071875 0.08740599999999998 0.104375
1 0.6094925 0.4625 0.09680500000000002 0.14875
1 0.6146615000000001 0.635 0.09210499999999999 0.135
