1 0.60078125 0.39375 0.0671875 0.1953125
1 0.446875 0.3875 0.06171875 0.19375
1 0.290625 0.38046875 0.0578125 0.19921875
1 0.13984375 0.3734375 0.0640625 0.203125
1 0.15078125 0.1171875 0.07265625 0.19765625
1 0.303125 0.13125 0.0609375 0.21015625
1 0.45 0.13515625 0.06328125 0.20703125
1 0.5984375 0.1421875 0.06484375 0.19921875
1 0.91875 0.5140625 0.0921875 0.115625
1 0.92109375 0.38359375 0.09296875 0.11953125
1 0.9171875 0.25703125 0.0953125 0.11953125
1 0.925 0.1421875 0.1171875 0.11015625
1 0.82890625 0.17421875 0.09609375 0.0953125
1 0.82890625 0.28203125 0.0890625 0.11015625
1 0.828125 0.39296875 0.08125 0.11953125
1 0.8296875 0.51484375 0.084375 0.128125
1 0.7484375 0.2046875 0.06953125 0.0859375
1 0.74765625 0.296875 0.06015625 0.11015625
1 0.74765625 0.3984375 0.07265625 0.10390625
