1 0.371875 0.3828125 0.075 0.1953125
1 0.478125 0.3796875 0.06484375 0.18984375
1 0.590625 0.375 0.06875 0.1921875
1 0.58671875 0.1078125 0.05546875 0.1640625
1 0.47890625 0.11796875 0.06015625 0.1734375
1 0.36953125 0.121875 0.06015625 0.18046875
1 0.240625 0.1375 0.0703125 0.20078125
1 0.2375 0.3734375 0.07265625 0.18828125
1 0.10390625 0.3625 0.06953125 0.18828125
1 0.1140625 0.13671875 0.0765625 0.18828125
1 0.6921875 0.115625 0.05546875 0.17109375
1 0.7828125 0.121875 0.0640625 0.1734375
1 0.9109375 0.16484375 0.0703125 0.18828125
