1 0.5703125 0.38671875 0.06015625 0.18828125
1 0.72890625 0.396875 0.05546875 0.19375
1 0.8828125 0.39765625 0.06328125 0.203125
1 0.26796875 0.371875 0.0578125 0.18046875
1 0.41640625 0.375 0.06171875 0.18046875
1 0.11875 0.36015625 0.06015625 0.165625
1 0.1296875 0.11171875 0.0671875 0.1859375
1 0.27734375 0.1203125 0.05625 0.1953125
1 0.4203125 0.1265625 0.06328125 0.19375
1 0.5734375 0.1265625 0.06171875 0.18984375
1 0.7234375 0.1359375 0.06171875 0.19765625
1 0.87734375 0.1390625 0.0703125 0.1921875
