1 0.58359375 0.33515625 0.0890625 0.22734375
1 0.47421875 0.33671875 0.0921875 0.22734375
1 0.6921875 0.3390625 0.08515625 0.234375
1 0.79765625 0.3203125 0.08671875 0.215625
1 0.315625 0.30234375 0.08671875 0.1734375
1 0.2015625 0.2859375 0.0984375 0.18046875
1 0.075 0.28671875 0.09921875 0.1828125
1 0.96171875 0.3203125 0.0734375 0.25703125
1 0.31875 0.06953125 0.08671875 0.1359375
1 0.20546875 0.0671875 0.0921875 0.134375
1 0.07890625 0.0640625 0.09296875 0.128125
1 0.47421875 0.0734375 0.08515625 0.146875
1 0.58671875 0.08125 0.084375 0.1359375
1 0.69296875 0.07890625 0.08671875 0.13203125
1 0.79609375 0.078125 0.0984375 0.14140625
1 0.9609375 0.084375 0.071875 0.16171875
