1 0.721875 0.309375 0.10703125 0.2640625
1 0.915625 0.24765625 0.14140625 0.30546875
1 0.50625 0.33515625 0.08515625 0.19375
1 0.49375 0.0828125 0.08125 0.165625
1 0.04140625 0.2234375 0.0375 0.10078125
1 0.04140625 0.33125 0.03828125 0.1078125
1 0.0390625 0.42578125 0.03984375 0.0953125
1 0.040625 0.5328125 0.03828125 0.0859375
1 0.09765625 0.30703125 0.03125 0.09296875
1 0.10234375 0.528125 0.0296875 0.10234375
1 0.1359375 0.3171875 0.028125 0.0875
1 0.18515625 0.33515625 0.0296875 0.078125
1 0.18828125 0.43515625 0.0296875 0.09140625
1 0.09765625 0.215625 0.03125 0.08203125
1 0.13671875 0.23359375 0.0296875 0.07265625
