1 0.6359375 0.30078125 0.0875 0.21015625
1 0.44921875 0.30078125 0.0890625 0.21015625
1 0.22890625 0.28671875 0.0953125 0.21953125
1 0.221875 0.64765625 0.1015625 0.26796875
1 0.446875 0.64453125 0.1140625 0.2609375
1 0.63359375 0.07734375 0.08359375 0.13984375
1 0.92734375 0.4625 0.03828125 0.11328125
1 0.92734375 0.5828125 0.04921875 0.12265625
1 0.91953125 0.278125 0.04296875 0.125
1 0.87578125 0.47421875 0.0359375 0.0984375
1 0.83203125 0.4890625 0.0375 0.09140625
1 0.86796875 0.31171875 0.04375 0.10625
1 0.91640625 0.16640625 0.04453125 0.11015625
