1 0.2578125 0.33828125 0.06328125 0.18828125
1 0.0890625 0.42109375 0.0671875 0.2234375
1 0.0984375 0.140625 0.078125 0.2140625
1 0.4046875 0.0859375 0.0703125 0.16796875
1 0.3984375 0.33046875 0.06875 0.20703125
1 0.51171875 0.328125 0.06640625 0.20859375
1 0.61796875 0.32578125 0.06484375 0.21953125
1 0.5109375 0.0890625 0.06875 0.17109375
1 0.61640625 0.0921875 0.0640625 0.16953125
1 0.74921875 0.0921875 0.075 0.1546875
1 0.7609375 0.334375 0.075 0.19921875
1 0.89375 0.328125 0.07578125 0.20859375
1 0.8859375 0.09375 0.08125 0.16953125
1 0.2640625 0.0875 0.06640625 0.15234375
