1 0.13046875 0.3875 0.06640625 0.215625
1 0.20859375 0.38828125 0.0640625 0.21015625
1 0.11640625 0.68046875 0.08515625 0.24765625
1 0.14453125 0.1125 0.071875 0.21796875
1 0.21875 0.11015625 0.07265625 0.20859375
1 0.34375 0.3890625 0.0703125 0.2125
1 0.34921875 0.0953125 0.0640625 0.18984375
1 0.3390625 0.6828125 0.0734375 0.23671875
1 0.48125 0.67578125 0.071875 0.234375
1 0.59375 0.67109375 0.0703125 0.221875
1 0.5921875 0.38984375 0.07890625 0.21015625
1 0.47734375 0.39140625 0.07890625 0.22734375
1 0.48203125 0.09765625 0.06640625 0.18046875
1 0.58671875 0.10546875 0.06640625 0.18828125
1 0.71640625 0.10703125 0.06328125 0.203125
1 0.721875 0.4125 0.06171875 0.18046875
1 0.84375 0.10859375 0.0765625 0.20703125
1 0.95234375 0.11171875 0.0734375 0.2046875
1 0.8609375 0.39765625 0.07578125 0.21015625
1 0.9609375 0.403125 0.071875 0.2140625
1 0.87265625 0.67578125 0.08046875 0.234375
1 0.96875 0.678125 0.06015625 0.20859375
