1 0.909375 0.43203125 0.0953125 0.290625
1 0.06484375 0.42578125 0.090625 0.25859375
1 0.16875 0.41796875 0.0875 0.25546875
1 0.26796875 0.41640625 0.08046875 0.24765625
1 0.6890625 0.440625 0.0875 0.30703125
1 0.79609375 0.43359375 0.09609375 0.290625
1 0.58359375 0.43359375 0.0953125 0.29453125
1 0.47734375 0.428125 0.096875 0.27578125
1 0.36875 0.43125 0.09609375 0.28125
1 0.07109375 0.07890625 0.090625 0.1546875
1 0.1703125 0.07890625 0.09296875 0.15078125
1 0.2703125 0.078125 0.08125 0.1453125
1 0.37109375 0.0828125 0.0875 0.1546875
1 0.47734375 0.07890625 0.0890625 0.146875
1 0.584375 0.07578125 0.08984375 0.14375
1 0.6875 0.0734375 0.084375 0.13984375
1 0.7921875 0.07421875 0.0953125 0.13046875
1 0.9046875 0.0734375 0.090625 0.1359375
