1 0.4671875 0.4140625 0.08515625 0.3
1 0.646875 0.42421875 0.08046875 0.2234375
1 0.76015625 0.43203125 0.084375 0.2234375
1 0.8875 0.4359375 0.08359375 0.23125
1 0.8828125 0.14921875 0.08046875 0.253125
1 0.759375 0.13671875 0.084375 0.24765625
1 0.64765625 0.1296875 0.07890625 0.24765625
1 0.33359375 0.409375 0.0875 0.309375
1 0.4703125 0.11328125 0.08359375 0.215625
1 0.33984375 0.11328125 0.08515625 0.2125
1 0.1796875 0.121875 0.10078125 0.23671875
1 0.16953125 0.40234375 0.08984375 0.2609375
1 0.03671875 0.403125 0.0734375 0.27734375
1 0.0453125 0.1171875 0.090625 0.23125
