1 0.62109375 0.28828125 0.09375 0.23125
1 0.834375 0.29921875 0.0984375 0.221875
1 0.621875 0.66796875 0.10234375 0.27734375
1 0.8453125 0.66015625 0.1125 0.28515625
1 0.2015625 0.2875 0.0921875 0.2140625
1 0.0578125 0.284375 0.10703125 0.22890625
1 0.4109375 0.29609375 0.10078125 0.234375
1 0.07265625 0.059375 0.0921875 0.11875
1 0.21015625 0.0671875 0.0984375 0.12265625
1 0.4125 0.06015625 0.1046875 0.11328125
1 0.61171875 0.06875 0.10390625 0.12265625
1 0.82890625 0.07109375 0.11015625 0.13046875
