1 0.55546875 0.26015625 0.05546875 0.165625
1 0.4484375 0.24765625 0.06171875 0.1640625
1 0.33984375 0.23671875 0.06171875 0.16796875
1 0.23515625 0.22890625 0.0640625 0.17890625
1 0.10078125 0.2140625 0.0703125 0.17109375
1 0.66484375 0.2703125 0.06171875 0.17109375
1 0.665625 0.071875 0.0578125 0.14375
1 0.55390625 0.06484375 0.0640625 0.1296875
1 0.45390625 0.05859375 0.0546875 0.1171875
1 0.3515625 0.06171875 0.0640625 0.12265625
1 0.246875 0.053125 0.05546875 0.10625
1 0.11328125 0.046875 0.0640625 0.09296875
1 0.79140625 0.14765625 0.03984375 0.0875
