1 0.133789 0.6930270000000001 0.10546799999999999 0.280612
1 0.145508 0.36819700000000005 0.097656 0.219388
1 0.258789 0.6930270000000001 0.10742199999999999 0.280612
1 0.270508 0.36734700000000003 0.06250000000000003 0.21428600000000003
1 0.3828125 0.369048 0.10351500000000002 0.22449000000000002
1 0.505371 0.36904750000000003 0.10449200000000003 0.227891
1 0.6274415 0.36054400000000003 0.092773 0.21088400000000002
1 0.7553715000000001 0.6913265 0.11621099999999995 0.28401299999999996
1 0.751465 0.36904750000000003 0.10058599999999995 0.214285
1 0.8662105 0.368197 0.0917969999999999 0.19557800000000003
1 0.8725585 0.6853745 0.10253899999999994 0.28231300000000004
