1 0.43156249999999996 0.255 0.01687500000000003 0.04500000000000001
1 0.433125 0.32750000000000007 0.011249999999999982 0.03833399999999998
1 0.5090625 0.2575 0.016874999999999973 0.040000000000000036
1 0.5109375 0.329583 0.018125000000000058 0.04249999999999998
1 0.5421875 0.2575 0.015625 0.040000000000000036
1 0.5490625 0.33583349999999995 0.01937499999999992 0.038333000000000006
1 0.5865625 0.3475 0.014375000000000027 0.05499999999999999
1 0.5871875 0.27541699999999997 0.015625 0.04750000000000004
1 0.6131249999999999 0.3508335 0.015000000000000013 0.05166699999999996
1 0.6165625 0.28250000000000003 0.01937499999999992 0.048334000000000044
