1 0.07265625 0.3890625 0.06640625 0.2234375
1 0.18984375 0.38359375 0.06015625 0.2234375
1 0.29765625 0.375 0.06328125 0.21796875
1 0.409375 0.3703125 0.071875 0.21953125
1 0.525 0.36328125 0.06953125 0.21953125
1 0.6375 0.35390625 0.075 0.21953125
1 0.7515625 0.3296875 0.071875 0.24921875
1 0.87109375 0.31953125 0.08046875 0.24375
1 0.88984375 0.63515625 0.0640625 0.17890625
1 0.76640625 0.6453125 0.06953125 0.18828125
1 0.64765625 0.65546875 0.06328125 0.17890625
1 0.5328125 0.66875 0.0640625 0.1828125
1 0.4171875 0.67890625 0.05859375 0.16953125
1 0.30234375 0.6890625 0.05546875 0.175
1 0.18984375 0.68984375 0.06328125 0.1765625
1 0.0703125 0.69921875 0.05859375 0.18046875
