1 0.91328125 0.3625 0.06328125 0.1765625
1 0.90625 0.1296875 0.0640625 0.165625
1 0.80078125 0.1390625 0.06328125 0.15859375
1 0.80625 0.36796875 0.06171875 0.18046875
1 0.70703125 0.36328125 0.05625 0.18984375
1 0.703125 0.14375 0.053125 0.17109375
1 0.58671875 0.36328125 0.0515625 0.15234375
1 0.4640625 0.36875 0.0546875 0.16015625
1 0.3453125 0.375 0.0546875 0.1546875
1 0.4640625 0.16015625 0.05546875 0.15234375
1 0.34375 0.17109375 0.0578125 0.1640625
1 0.2515625 0.18515625 0.05625 0.1546875
1 0.25078125 0.38984375 0.0546875 0.15078125
1 0.15390625 0.396875 0.053125 0.14921875
1 0.03828125 0.4046875 0.05 0.1546875
1 0.153125 0.19453125 0.0578125 0.15859375
1 0.040625 0.20703125 0.053125 0.15625
1 0.04453125 0.0375 0.04921875 0.06328125
1 0.1578125 0.03515625 0.05 0.0703125
1 0.58359375 0.15 0.0546875 0.15859375
1 0.2515625 0.03046875 0.05625 0.0609375
1 0.35078125 0.57734375 0.06484375 0.15234375
1 0.58203125 0.56796875 0.06640625 0.15625
