1 0.15390625 0.3046875 0.08359375 0.26640625
1 0.14375 0.60234375 0.0890625 0.22890625
1 0.3671875 0.19453125 0.0546875 0.1765625
1 0.3640625 0.40703125 0.0578125 0.1359375
1 0.45859375 0.4015625 0.0609375 0.12109375
1 0.55 0.40234375 0.06484375 0.1375
1 0.659375 0.40234375 0.05234375 0.134375
1 0.7609375 0.40859375 0.05625 0.125
1 0.87890625 0.41328125 0.05859375 0.1375
1 0.9765625 0.40859375 0.04453125 0.1359375
1 0.9734375 0.18984375 0.05 0.17109375
1 0.87265625 0.19453125 0.05859375 0.1734375
1 0.7625 0.19921875 0.05625 0.1640625
1 0.659375 0.1953125 0.05859375 0.17109375
1 0.5546875 0.19609375 0.05546875 0.16953125
1 0.45859375 0.19296875 0.0578125 0.1765625
