1 0.09375 0.13984375 0.06328125 0.19765625
1 0.084375 0.375 0.06640625 0.1734375
1 0.22734375 0.14453125 0.0609375 0.18828125
1 0.21953125 0.37734375 0.0671875 0.1921875
1 0.35234375 0.15625 0.06484375 0.19765625
1 0.346875 0.38671875 0.06484375 0.18828125
1 0.471875 0.1609375 0.06953125 0.21015625
1 0.465625 0.3984375 0.06640625 0.19765625
1 0.5953125 0.16015625 0.06171875 0.20078125
1 0.5921875 0.3921875 0.06015625 0.18828125
1 0.70859375 0.16171875 0.05859375 0.2125
1 0.71015625 0.396875 0.05546875 0.17890625
1 0.83671875 0.1640625 0.06484375 0.20078125
1 0.8359375 0.4 0.06328125 0.1859375
1 0.9703125 0.39921875 0.053125 0.1765625
1 0.9703125 0.16484375 0.05234375 0.1921875
