1 0.6140625 0.29765625 0.06328125 0.17890625
1 0.721875 0.29140625 0.05625 0.19921875
1 0.81484375 0.2859375 0.06640625 0.1921875
1 0.92578125 0.27578125 0.071875 0.19375
1 0.60703125 0.06796875 0.06171875 0.13203125
1 0.7140625 0.06796875 0.0515625 0.1359375
1 0.809375 0.0640625 0.06328125 0.128125
1 0.91484375 0.06171875 0.0671875 0.12265625
1 0.50078125 0.315625 0.05546875 0.19921875
1 0.49609375 0.0921875 0.0546875 0.18046875
1 0.4265625 0.32421875 0.04609375 0.17890625
1 0.42578125 0.10859375 0.04375 0.18828125
1 0.36953125 0.33828125 0.046875 0.165625
1 0.3703125 0.1296875 0.04375 0.1765625
1 0.31171875 0.353125 0.04453125 0.16953125
1 0.31015625 0.1515625 0.04375 0.165625
1 0.2578125 0.1796875 0.04453125 0.1765625
1 0.259375 0.36875 0.03828125 0.1640625
1 0.20703125 0.38671875 0.0375 0.15859375
1 0.20703125 0.19921875 0.03828125 0.15625
1 0.1671875 0.2125 0.03515625 0.16015625
1 0.165625 0.38359375 0.0359375 0.15625
1 0.11953125 0.39765625 0.03828125 0.146875
1 0.1203125 0.23203125 0.0328125 0.1546875
1 0.125 0.0546875 0.040625 0.109375
1 0.08046875 0.07265625 0.0328125 0.115625
1 0.04296875 0.0953125 0.0328125 0.10390625
1 0.08125 0.24609375 0.03203125 0.1375
1 0.0765625 0.4046875 0.034375 0.146875
1 0.0390625 0.4203125 0.02890625 0.146875
1 0.040625 0.25703125 0.0296875 0.1453125
