1 0.88515625 0.1875 0.0609375 0.1765625
1 0.8890625 0.3875 0.06015625 0.1640625
1 0.753125 0.1828125 0.06171875 0.1828125
1 0.75390625 0.3796875 0.06640625 0.175
1 0.65703125 0.3703125 0.0578125 0.17109375
1 0.65703125 0.16875 0.06171875 0.18828125
1 0.55546875 0.1609375 0.06015625 0.1734375
1 0.55234375 0.3609375 0.0578125 0.1640625
1 0.45703125 0.3578125 0.06171875 0.16796875
1 0.4625 0.1546875 0.06171875 0.17109375
1 0.36640625 0.15234375 0.0578125 0.18984375
1 0.3625 0.3578125 0.0640625 0.1828125
1 0.26640625 0.0671875 0.053125 0.134375
1 0.175 0.06015625 0.0625 0.1203125
1 0.096875 0.06484375 0.0625 0.1296875
1 0.0265625 0.06015625 0.05234375 0.1171875
1 0.01953125 0.23125 0.034375 0.14921875
1 0.09453125 0.2296875 0.05234375 0.1546875
1 0.16953125 0.23984375 0.05625 0.15234375
1 0.25234375 0.23828125 0.0546875 0.17109375
1 0.25078125 0.4328125 0.06015625 0.146875
1 0.16640625 0.4265625 0.0515625 0.14140625
1 0.0890625 0.42265625 0.05625 0.14921875
1 0.01640625 0.42578125 0.03203125 0.14375
