1 0.88984375 0.22734375 0.0921875 0.271875
1 0.9046875 0.57109375 0.0921875 0.28515625
1 0.77421875 0.5671875 0.08984375 0.28125
1 0.76640625 0.23984375 0.0875 0.27578125
1 0.6171875 0.24765625 0.08203125 0.27578125
1 0.621875 0.57421875 0.08125 0.2703125
1 0.5015625 0.57734375 0.084375 0.26796875
1 0.49921875 0.25390625 0.07890625 0.2625
1 0.38828125 0.2671875 0.0734375 0.2703125
1 0.3859375 0.57890625 0.07890625 0.271875
1 0.27890625 0.271875 0.075 0.26796875
1 0.15625 0.134375 0.07890625 0.23125
1 0.1546875 0.39140625 0.0578125 0.134375
1 0.15078125 0.60546875 0.06015625 0.1859375
1 0.03125 0.59375 0.0578125 0.17109375
1 0.03359375 0.396875 0.06484375 0.1453125
1 0.04296875 0.14453125 0.06328125 0.225
