1 0.04453125 0.37265625 0.05 0.16015625
1 0.165625 0.3671875 0.05546875 0.15625
1 0.1671875 0.15390625 0.0546875 0.15859375
1 0.04765625 0.165625 0.0546875 0.16015625
1 0.28125 0.13671875 0.053125 0.165625
1 0.38203125 0.12578125 0.05625 0.16953125
1 0.48359375 0.121875 0.05625 0.1734375
1 0.58515625 0.11640625 0.05546875 0.1734375
1 0.5859375 0.34765625 0.05625 0.1734375
1 0.48671875 0.35 0.05625 0.17890625
1 0.384375 0.3546875 0.05625 0.16953125
1 0.284375 0.36015625 0.05546875 0.18046875
1 0.6734375 0.05859375 0.03828125 0.11328125
1 0.72578125 0.053125 0.04453125 0.10234375
1 0.6765625 0.2328125 0.0484375 0.14921875
1 0.68125 0.39140625 0.05 0.1375
1 0.7359375 0.3890625 0.0515625 0.1453125
1 0.8015625 0.378125 0.053125 0.14921875
1 0.87265625 0.36875 0.06328125 0.15625
1 0.93515625 0.3625 0.05625 0.165625
1 0.92734375 0.1765625 0.0640625 0.17109375
1 0.8671875 0.18515625 0.0640625 0.165625
1 0.79453125 0.2 0.06328125 0.15078125
1 0.73125 0.21484375 0.0546875 0.15078125
1 0.79140625 0.0421875 0.04921875 0.08359375
