1 0.51796875 0.37578125 0.08671875 0.22734375
1 0.68984375 0.4 0.09375 0.271875
1 0.8375 0.39453125 0.10078125 0.26796875
1 0.36015625 0.37734375 0.08984375 0.23984375
1 0.21875 0.37578125 0.096875 0.23125
1 0.06484375 0.37578125 0.0890625 0.253125
1 0.6828125 0.12109375 0.09375 0.23125
1 0.821875 0.11953125 0.1046875 0.23828125
1 0.0765625 0.08125 0.10078125 0.16171875
1 0.22890625 0.084375 0.0984375 0.16875
1 0.36875 0.0828125 0.08359375 0.16171875
1 0.521875 0.09140625 0.1015625 0.17109375
1 0.71484375 0.7140625 0.15390625 0.2140625
