1 0.56328125 0.12578125 0.05 0.125
1 0.56328125 0.3078125 0.05 0.14375
1 0.5671875 0.4921875 0.04921875 0.1171875
1 0.48359375 0.4921875 0.05234375 0.125
1 0.48125 0.30703125 0.05 0.1453125
1 0.48203125 0.1296875 0.0515625 0.13203125
1 0.3921875 0.13046875 0.0515625 0.12265625
1 0.3921875 0.3125 0.05546875 0.14140625
1 0.38984375 0.49140625 0.053125 0.11953125
1 0.29609375 0.4921875 0.0484375 0.12109375
1 0.2984375 0.3125 0.05546875 0.1453125
1 0.3046875 0.13125 0.05234375 0.128125
1 0.2140625 0.13984375 0.05234375 0.13046875
1 0.21015625 0.31171875 0.05546875 0.14375
1 0.20859375 0.49375 0.05 0.11171875
1 0.12890625 0.14375 0.05 0.1265625
1 0.12265625 0.31953125 0.05859375 0.14375
1 0.04140625 0.1421875 0.0546875 0.13203125
1 0.03125 0.32421875 0.0578125 0.15234375
1 0.1125 0.490625 0.05234375 0.10625
1 0.025 0.496875 0.05 0.1078125
1 0.93828125 0.51640625 0.0484375 0.11328125
1 0.88125 0.53203125 0.034375 0.0875
1 0.93125 0.37578125 0.03984375 0.15625
1 0.91796875 0.2203125 0.04140625 0.12109375
1 0.87265625 0.41171875 0.04453125 0.1265625
1 0.86484375 0.28515625 0.04375 0.1078125
1 0.8546875 0.1640625 0.053125 0.13046875
1 0.91328125 0.1 0.04453125 0.11328125
