1 0.0671875 0.1375 0.0578125 0.17109375
1 0.20078125 0.12265625 0.0578125 0.1640625
1 0.32890625 0.115625 0.0546875 0.16796875
1 0.46171875 0.10546875 0.05546875 0.16953125
1 0.596875 0.09375 0.06640625 0.18046875
1 0.73046875 0.08359375 0.0578125 0.1671875
1 0.86171875 0.0796875 0.0671875 0.159375
1 0.0625 0.4578125 0.06328125 0.23828125
1 0.2 0.45 0.06640625 0.23984375
1 0.33203125 0.44375 0.06328125 0.24375
1 0.46953125 0.43046875 0.06953125 0.2421875
1 0.60625 0.42578125 0.0890625 0.225
1 0.740625 0.4046875 0.090625 0.21796875
1 0.884375 0.396875 0.10390625 0.22734375
