1 0.47734375 0.29453125 0.05546875 0.17890625
1 0.5734375 0.290625 0.06171875 0.1828125
1 0.57265625 0.08125 0.0578125 0.16171875
1 0.4765625 0.0828125 0.06171875 0.16171875
1 0.35 0.08359375 0.0734375 0.15625
1 0.3484375 0.29765625 0.0671875 0.1859375
1 0.2171875 0.30625 0.0734375 0.1734375
1 0.21875 0.0859375 0.075 0.1640625
1 0.73125 0.184375 0.07578125 0.215625
1 0.73828125 0.41328125 0.0640625 0.17109375
1 0.83359375 0.18125 0.0765625 0.221875
1 0.83671875 0.4078125 0.08203125 0.19375
1 0.953125 0.18046875 0.075 0.215625
1 0.9640625 0.4140625 0.06171875 0.203125
