1 0.06328125 0.11953125 0.05546875 0.17109375
1 0.06171875 0.44296875 0.078125 0.2046875
1 0.20390625 0.115625 0.05625 0.175
1 0.33046875 0.10234375 0.0609375 0.175
1 0.46640625 0.09140625 0.06328125 0.17109375
1 0.603125 0.08125 0.0609375 0.16171875
1 0.73046875 0.07890625 0.0578125 0.1578125
1 0.86328125 0.071875 0.06640625 0.13984375
1 0.19921875 0.4375 0.090625 0.215625
1 0.33359375 0.42890625 0.08984375 0.2328125
1 0.471875 0.4109375 0.0890625 0.22890625
1 0.61015625 0.4078125 0.0921875 0.22734375
1 0.74609375 0.39375 0.09375 0.21015625
1 0.8859375 0.3828125 0.08046875 0.24765625
