1 0.0796875 0.07890625 0.075 0.1578125
1 0.203125 0.08359375 0.0703125 0.1640625
1 0.29609375 0.07890625 0.0609375 0.1546875
1 0.075 0.321875 0.07265625 0.2234375
1 0.19375 0.31953125 0.07890625 0.23671875
1 0.29140625 0.3171875 0.0640625 0.24375
1 0.4640625 0.10859375 0.0609375 0.15859375
1 0.57734375 0.10625 0.06484375 0.15625
1 0.69296875 0.10078125 0.05859375 0.1640625
1 0.8078125 0.10234375 0.06640625 0.15625
1 0.928125 0.1 0.0671875 0.1546875
1 0.46015625 0.36015625 0.0640625 0.1734375
1 0.58125 0.359375 0.06875 0.16796875
1 0.696875 0.35078125 0.06171875 0.165625
1 0.81796875 0.35546875 0.0671875 0.1640625
1 0.9421875 0.35234375 0.06875 0.175
