1 0.06640625 0.1203125 0.0578125 0.1765625
1 0.20234375 0.1015625 0.05859375 0.1734375
1 0.3328125 0.10078125 0.0609375 0.17890625
1 0.46640625 0.0890625 0.06328125 0.17109375
1 0.60390625 0.08203125 0.06875 0.1640625
1 0.73203125 0.07421875 0.0546875 0.1484375
1 0.8671875 0.07109375 0.07265625 0.1375
1 0.06171875 0.4421875 0.0875 0.21015625
1 0.2015625 0.428125 0.0890625 0.215625
1 0.33828125 0.4234375 0.0890625 0.221875
1 0.471875 0.40859375 0.0875 0.221875
1 0.61484375 0.4 0.07578125 0.24609375
1 0.7515625 0.38828125 0.071875 0.24375
1 0.88828125 0.37421875 0.084375 0.24609375
