1 0.165625 0.4609375 0.075 0.221875
1 0.053125 0.47109375 0.07890625 0.2234375
1 0.16640625 0.2078125 0.09296875 0.2328125
1 0.06015625 0.21328125 0.0734375 0.23671875
1 0.29453125 0.128125 0.0671875 0.2046875
1 0.37421875 0.12734375 0.06484375 0.18828125
1 0.2890625 0.39375 0.06484375 0.1921875
1 0.37265625 0.38671875 0.07265625 0.1921875
1 0.46328125 0.3921875 0.06953125 0.19921875
1 0.55 0.38046875 0.0734375 0.1921875
1 0.54453125 0.1125 0.0734375 0.19921875
1 0.45703125 0.115625 0.0765625 0.19375
1 0.68984375 0.2078125 0.08125 0.21796875
1 0.696875 0.43359375 0.0875 0.2234375
1 0.81328125 0.43359375 0.0890625 0.21953125
1 0.803125 0.2 0.08984375 0.21796875
