1 0.26875 0.684375 0.08046875 0.24765625
1 0.39921875 0.6703125 0.09375 0.24609375
1 0.53203125 0.65625 0.09375 0.24375
1 0.26640625 0.3734375 0.07578125 0.24375
1 0.39296875 0.36015625 0.0890625 0.23984375
1 0.52265625 0.35 0.0890625 0.2421875
1 0.66953125 0.3296875 0.09296875 0.23828125
1 0.803125 0.31484375 0.090625 0.23125
1 0.9296875 0.30625 0.08984375 0.22890625
1 0.265625 0.0875 0.07578125 0.1640625
1 0.3875 0.08359375 0.08125 0.15625
1 0.5109375 0.078125 0.07890625 0.15234375
1 0.6546875 0.071875 0.0765625 0.1359375
1 0.790625 0.06328125 0.08125 0.12265625
1 0.915625 0.06484375 0.0875 0.12265625
