1 0.1515625 0.20390625 0.06875 0.184375
1 0.29296875 0.19765625 0.0546875 0.19375
1 0.4296875 0.18984375 0.06328125 0.1828125
1 0.56875 0.18125 0.06640625 0.184375
1 0.703125 0.17421875 0.06171875 0.184375
1 0.83125 0.16171875 0.0640625 0.1859375
1 0.9671875 0.15078125 0.0609375 0.18984375
1 0.14921875 0.5515625 0.10078125 0.23828125
1 0.01796875 0.21328125 0.0328125 0.18828125
1 0.29375 0.54375 0.0921875 0.23828125
1 0.43828125 0.53359375 0.0953125 0.24375
1 0.57890625 0.525 0.096875 0.23125
1 0.7171875 0.509375 0.08671875 0.23984375
1 0.85234375 0.5 0.09375 0.221875
