1 0.446875 0.18984375 0.06640625 0.1859375
1 0.021875 0.215625 0.04375 0.1859375
1 0.16484375 0.2046875 0.0671875 0.19375
1 0.30859375 0.1984375 0.0609375 0.19921875
1 0.5875 0.184375 0.06640625 0.18984375
1 0.721875 0.171875 0.06171875 0.18828125
1 0.853125 0.16796875 0.071875 0.1828125
1 0.1609375 0.55390625 0.0703125 0.24375
1 0.31015625 0.54296875 0.0671875 0.2515625
1 0.45390625 0.54296875 0.09921875 0.24765625
1 0.5953125 0.53359375 0.09609375 0.23984375
1 0.73515625 0.51875 0.09375 0.24375
1 0.87734375 0.503125 0.09375 0.2421875
1 0.97734375 0.1609375 0.04296875 0.184375
