1 0.14609375 0.20078125 0.0609375 0.18984375
1 0.140625 0.54296875 0.090625 0.24375
1 0.28125 0.18984375 0.0578125 0.18984375
1 0.4171875 0.1890625 0.05859375 0.184375
1 0.553125 0.1796875 0.06328125 0.18046875
1 0.690625 0.16640625 0.06953125 0.18046875
1 0.8125 0.15625 0.06328125 0.1828125
1 0.95390625 0.146875 0.071875 0.1859375
1 0.2828125 0.5328125 0.08515625 0.22734375
1 0.4234375 0.52578125 0.08359375 0.23671875
1 0.5625 0.51484375 0.09296875 0.2328125
1 0.7 0.496875 0.06953125 0.2421875
1 0.8328125 0.48125 0.06953125 0.24375
1 0.96875 0.4640625 0.0609375 0.2421875
