1 0.59453125 0.38046875 0.06484375 0.2140625
1 0.71875 0.3734375 0.06875 0.221875
1 0.82265625 0.3734375 0.06875 0.221875
1 0.9484375 0.371875 0.0765625 0.221875
1 0.478125 0.37734375 0.071875 0.22890625
1 0.47734375 0.10625 0.06953125 0.18984375
1 0.5953125 0.1078125 0.0640625 0.1859375
1 0.71328125 0.11484375 0.0609375 0.1921875
1 0.81640625 0.1078125 0.06484375 0.1859375
1 0.940625 0.10234375 0.08046875 0.1828125
1 0.30859375 0.1703125 0.06328125 0.28125
1 0.17109375 0.1546875 0.17421875 0.2796875
1 0.0375 0.15859375 0.075 0.28671875
1 0.953125 0.63515625 0.0765625 0.20078125
