1 0.45546875 0.4265625 0.040625 0.15234375
1 0.453125 0.24921875 0.04453125 0.134375
1 0.44921875 0.08359375 0.0484375 0.1375
1 0.38046875 0.08125 0.046875 0.14375
1 0.3796875 0.24921875 0.04140625 0.13046875
1 0.38125 0.43046875 0.04375 0.1453125
1 0.15078125 0.43203125 0.0703125 0.14921875
1 0.1578125 0.25390625 0.06328125 0.1171875
1 0.1609375 0.1015625 0.06328125 0.1359375
1 0.02109375 0.4453125 0.040625 0.16015625
1 0.54765625 0.41640625 0.090625 0.10625
1 0.5484375 0.58359375 0.08671875 0.11015625
1 0.54296875 0.24921875 0.0890625 0.10390625
1 0.5390625 0.09609375 0.0953125 0.11328125
1 0.628125 0.09375 0.0921875 0.10625
1 0.72734375 0.0953125 0.1125 0.1078125
1 0.82734375 0.090625 0.096875 0.0984375
1 0.83203125 0.2484375 0.090625 0.11015625
1 0.928125 0.24609375 0.09921875 0.12265625
1 0.734375 0.253125 0.10546875 0.115625
1 0.6359375 0.2515625 0.0984375 0.1078125
1 0.64140625 0.4125 0.09375 0.11328125
1 0.7375 0.4125 0.1046875 0.11015625
1 0.83671875 0.41171875 0.1046875 0.115625
1 0.9296875 0.403125 0.0984375 0.11328125
1 0.64296875 0.57578125 0.084375 0.096875
1 0.74609375 0.57734375 0.1015625 0.11953125
1 0.8484375 0.5765625 0.0875 0.1171875
1 0.946875 0.571875 0.0921875 0.115625
