1 0.8828125 0.38203125 0.09375 0.2421875
1 0.68359375 0.3609375 0.08125 0.22734375
1 0.5046875 0.37734375 0.08046875 0.24765625
1 0.35390625 0.38515625 0.075 0.23125
1 0.21015625 0.38984375 0.07578125 0.225
1 0.8671875 0.090625 0.0875 0.18046875
1 0.6796875 0.07265625 0.08515625 0.14140625
1 0.49765625 0.078125 0.0921875 0.14921875
1 0.35703125 0.08203125 0.078125 0.15625
1 0.21484375 0.0796875 0.0765625 0.159375
1 0.03828125 0.0796875 0.07578125 0.15234375
1 0.0328125 0.39921875 0.0609375 0.25859375
