1 0.70859375 0.33671875 0.05859375 0.215625
1 0.8359375 0.34453125 0.0671875 0.2125
1 0.95546875 0.34375 0.06875 0.2140625
1 0.51796875 0.371875 0.07265625 0.203125
1 0.51796875 0.11171875 0.06640625 0.2046875
1 0.94765625 0.0921875 0.075 0.18046875
1 0.834375 0.08828125 0.0703125 0.16953125
1 0.7046875 0.08359375 0.06875 0.1671875
1 0.37578125 0.37265625 0.08125 0.19765625
1 0.23984375 0.36796875 0.07578125 0.225
1 0.38359375 0.103125 0.07265625 0.1953125
1 0.24765625 0.10546875 0.07890625 0.21015625
1 0.0546875 0.10390625 0.084375 0.20078125
1 0.0484375 0.3796875 0.075 0.2046875
