1 0.63671875 0.2234375 0.0640625 0.16015625
1 0.6390625 0.41640625 0.06640625 0.1546875
1 0.5484375 0.42578125 0.06015625 0.13984375
1 0.54296875 0.21953125 0.06171875 0.16015625
1 0.446875 0.21796875 0.05859375 0.16015625
1 0.4515625 0.42421875 0.0578125 0.14921875
1 0.35546875 0.43046875 0.0578125 0.1375
1 0.35546875 0.2265625 0.05859375 0.165625
1 0.35625 0.05 0.05625 0.096875
1 0.4515625 0.0515625 0.0609375 0.0953125
1 0.54140625 0.05390625 0.05625 0.096875
1 0.62890625 0.05390625 0.06640625 0.10390625
1 0.72890625 0.0515625 0.0546875 0.10234375
1 0.7296875 0.22265625 0.0515625 0.1359375
1 0.7375 0.41875 0.05234375 0.15234375
1 0.8265625 0.4140625 0.05859375 0.14375
1 0.8171875 0.21796875 0.053125 0.14921875
1 0.89765625 0.2140625 0.053125 0.14921875
1 0.9046875 0.41171875 0.0546875 0.15625
1 0.8078125 0.04453125 0.0515625 0.0859375
1 0.89453125 0.0453125 0.0578125 0.090625
1 0.97578125 0.0453125 0.04609375 0.07265625
1 0.98203125 0.2140625 0.034375 0.1453125
1 0.0328125 0.09609375 0.06484375 0.1921875
1 0.0421875 0.33984375 0.08203125 0.1953125
