1 0.69140625 0.38046875 0.06015625 0.16171875
1 0.80390625 0.38203125 0.06328125 0.1828125
1 0.92734375 0.384375 0.06875 0.18828125
1 0.9234375 0.15390625 0.0671875 0.1921875
1 0.8015625 0.14921875 0.0546875 0.1859375
1 0.68984375 0.14609375 0.05546875 0.1921875
1 0.571875 0.13671875 0.0578125 0.18046875
1 0.571875 0.36484375 0.06171875 0.17890625
1 0.44609375 0.36015625 0.06328125 0.1765625
1 0.4515625 0.13125 0.0640625 0.18828125
1 0.296875 0.15234375 0.07265625 0.20859375
1 0.29140625 0.39375 0.0734375 0.2140625
1 0.16328125 0.38046875 0.0734375 0.21015625
1 0.171875 0.14765625 0.06875 0.203125
1 0.04765625 0.14140625 0.06953125 0.2046875
1 0.0453125 0.37578125 0.071875 0.18984375
