1 0.54296875 0.4640625 0.0515625 0.134375
1 0.65078125 0.453125 0.046875 0.13203125
1 0.65078125 0.63515625 0.046875 0.15234375
1 0.54453125 0.6453125 0.05234375 0.146875
1 0.4078125 0.640625 0.08046875 0.1640625
1 0.40625 0.46640625 0.06171875 0.14375
1 0.5421875 0.2703125 0.05625 0.19765625
1 0.64765625 0.27109375 0.04921875 0.18046875
1 0.86875 0.64375 0.0578125 0.16171875
1 0.9671875 0.4515625 0.05625 0.14375
1 0.85703125 0.4609375 0.05234375 0.14375
1 0.95625 0.2671875 0.07265625 0.18828125
1 0.18984375 0.490625 0.053125 0.16953125
1 0.10625 0.4921875 0.0484375 0.1765625
1 0.02109375 0.48984375 0.0421875 0.1609375
1 0.278125 0.29296875 0.04921875 0.1546875
1 0.196875 0.29921875 0.05 0.15859375
1 0.1171875 0.29765625 0.05 0.15234375
1 0.034375 0.29921875 0.053125 0.16171875
1 0.046875 0.10234375 0.053125 0.134375
1 0.12890625 0.1 0.04296875 0.128125
1 0.2046875 0.0984375 0.05 0.14140625
1 0.540625 0.059375 0.05546875 0.1078125
1 0.40546875 0.2515625 0.1015625 0.1859375
1 0.97421875 0.640625 0.04921875 0.17109375
1 0.93828125 0.06796875 0.053125 0.13203125
