1 0.94140625 0.35234375 0.0671875 0.19765625
1 0.9359375 0.11015625 0.06171875 0.19765625
1 0.80859375 0.1546875 0.06640625 0.1859375
1 0.81328125 0.3921875 0.06328125 0.19921875
1 0.6984375 0.3828125 0.06015625 0.20703125
1 0.7 0.1296875 0.05625 0.1953125
1 0.59375 0.1125 0.06953125 0.19921875
1 0.5890625 0.37265625 0.0703125 0.19765625
1 0.48125 0.35625 0.06484375 0.20703125
1 0.4859375 0.0984375 0.06484375 0.1828125
1 0.365625 0.34609375 0.06640625 0.20859375
1 0.2453125 0.34453125 0.08046875 0.234375
1 0.10234375 0.33515625 0.071875 0.23125
1 0.2609375 0.0875 0.06953125 0.17109375
1 0.37109375 0.0953125 0.0703125 0.1859375
1 0.12421875 0.08203125 0.08359375 0.1640625
