1 0.73828125 0.39921875 0.06015625 0.19921875
1 0.89296875 0.3703125 0.06015625 0.1828125
1 0.89375 0.14140625 0.0609375 0.1828125
1 0.7390625 0.175 0.06171875 0.2046875
1 0.6203125 0.1609375 0.071875 0.20703125
1 0.615625 0.39140625 0.06875 0.2046875
1 0.49921875 0.38828125 0.06484375 0.1953125
1 0.50625 0.14453125 0.06484375 0.18828125
1 0.3859375 0.14140625 0.06328125 0.175
1 0.38515625 0.37265625 0.06328125 0.1859375
1 0.2625 0.36484375 0.06640625 0.19765625
1 0.27109375 0.13125 0.06171875 0.1921875
1 0.1484375 0.12265625 0.06640625 0.19765625
1 0.1375 0.35390625 0.06953125 0.19765625
