1 0.88828125 0.40234375 0.08203125 0.2046875
1 0.87109375 0.12734375 0.06640625 0.23984375
1 0.73203125 0.11953125 0.07265625 0.2125
1 0.75078125 0.4046875 0.06953125 0.22890625
1 0.66640625 0.4015625 0.071875 0.221875
1 0.57890625 0.39765625 0.06640625 0.21015625
1 0.65546875 0.1078125 0.05859375 0.2046875
1 0.5734375 0.11171875 0.06953125 0.20859375
1 0.44453125 0.121875 0.0703125 0.2328125
1 0.446875 0.40234375 0.0703125 0.23125
1 0.28125 0.421875 0.078125 0.24765625
1 0.29375 0.0765625 0.06875 0.15234375
1 0.13359375 0.11953125 0.16640625 0.22734375
1 0.12109375 0.4140625 0.16796875 0.2515625
