1 0.75078125 0.340625 0.06015625 0.19765625
1 0.6140625 0.34140625 0.06640625 0.203125
1 0.4265625 0.33984375 0.06015625 0.20703125
1 0.52109375 0.3359375 0.0578125 0.21015625
1 0.0953125 0.32890625 0.0703125 0.2140625
1 0.12265625 0.590625 0.071875 0.19765625
1 0.903125 0.37578125 0.05859375 0.2125
1 0.89921875 0.11015625 0.0515625 0.2125
1 0.97578125 0.11015625 0.04609375 0.20859375
1 0.97890625 0.38046875 0.03984375 0.20703125
1 0.74609375 0.07734375 0.06640625 0.1546875
1 0.61328125 0.07578125 0.06640625 0.15078125
1 0.4265625 0.07890625 0.0578125 0.14375
1 0.28828125 0.35 0.05546875 0.2125
1 0.09921875 0.07734375 0.06015625 0.15078125
1 0.29375 0.078125 0.06640625 0.14921875
