1 0.8484375 0.3046875 0.07890625 0.20703125
1 0.84375 0.0828125 0.078125 0.165625
1 0.971875 0.08125 0.053125 0.16171875
1 0.9765625 0.3 0.04453125 0.1828125
1 0.49921875 0.29296875 0.06953125 0.184375
1 0.49921875 0.0796875 0.0703125 0.159375
1 0.365625 0.08203125 0.06953125 0.1640625
1 0.36640625 0.29921875 0.06640625 0.16953125
1 0.25703125 0.30390625 0.0609375 0.175
1 0.259375 0.1 0.05546875 0.16171875
1 0.12890625 0.09765625 0.05859375 0.16953125
1 0.12109375 0.30703125 0.0640625 0.16796875
