1 0.646875 0.4125 0.0546875 0.146875
1 0.646875 0.23125 0.04609375 0.14140625
1 0.5421875 0.2328125 0.0484375 0.14921875
1 0.54375 0.421875 0.04921875 0.14375
1 0.4453125 0.42890625 0.05 0.14375
1 0.44375 0.2375 0.05625 0.146875
1 0.33671875 0.24765625 0.04609375 0.15234375
1 0.340625 0.43203125 0.046875 0.134375
1 0.2453125 0.42734375 0.05 0.128125
1 0.15703125 0.42734375 0.04921875 0.128125
1 0.153125 0.2484375 0.04921875 0.15859375
1 0.24296875 0.24453125 0.05 0.1546875
1 0.33515625 0.07109375 0.05546875 0.134375
1 0.4421875 0.06796875 0.06171875 0.13203125
1 0.53984375 0.06328125 0.05625 0.12265625
1 0.646875 0.0578125 0.05859375 0.115625
