1 0.68046875 0.278125 0.09375 0.221875
1 0.85078125 0.5578125 0.0921875 0.15859375
1 0.83046875 0.26328125 0.09921875 0.24375
1 0.971875 0.23828125 0.053125 0.24609375
1 0.52265625 0.63671875 0.0875 0.253125
1 0.35390625 0.6546875 0.0875 0.25546875
1 0.18359375 0.6546875 0.08046875 0.2734375
1 0.06171875 0.675 0.08359375 0.2734375
1 0.18828125 0.31484375 0.07890625 0.2125
1 0.06875 0.31875 0.075 0.20859375
1 0.34921875 0.309375 0.08515625 0.23828125
1 0.509375 0.29921875 0.08515625 0.23984375
1 0.0765625 0.07265625 0.0734375 0.1453125
1 0.1859375 0.06640625 0.07265625 0.13203125
1 0.34609375 0.06328125 0.07890625 0.11953125
