1 0.16484375 0.146875 0.0578125 0.1859375
1 0.24765625 0.1359375 0.0609375 0.18984375
1 0.34765625 0.134375 0.0609375 0.17890625
1 0.16640625 0.365625 0.05546875 0.13984375
1 0.24921875 0.3578125 0.05859375 0.14921875
1 0.35078125 0.3546875 0.06015625 0.1734375
1 0.49765625 0.35078125 0.12109375 0.18828125
1 0.46015625 0.125 0.05 0.15625
1 0.51640625 0.1171875 0.0515625 0.15625
1 0.6484375 0.33203125 0.11953125 0.1765625
1 0.790625 0.31953125 0.053125 0.18828125
1 0.93203125 0.30703125 0.0546875 0.1640625
1 0.92421875 0.08203125 0.05546875 0.15234375
1 0.7859375 0.09609375 0.0546875 0.165625
1 0.61015625 0.10859375 0.04296875 0.15859375
1 0.67265625 0.1015625 0.04609375 0.16171875
