1 0.81015625 0.35859375 0.040625 0.11328125
1 0.80703125 0.49140625 0.0328125 0.10078125
1 0.89453125 0.50390625 0.03515625 0.0984375
1 0.9 0.36796875 0.04609375 0.128125
1 0.81171875 0.2234375 0.040625 0.10390625
1 0.8109375 0.10234375 0.03828125 0.10078125
1 0.89921875 0.11796875 0.04453125 0.10234375
1 0.72734375 0.09375 0.04375 0.10625
1 0.72421875 0.2140625 0.040625 0.115625
1 0.72578125 0.34921875 0.034375 0.11015625
1 0.7203125 0.47734375 0.0375 0.10625
1 0.6625 0.47109375 0.04453125 0.096875
1 0.6046875 0.4640625 0.04453125 0.10390625
1 0.66953125 0.340625 0.04375 0.1265625
1 0.60859375 0.33046875 0.04609375 0.125
1 0.66875 0.2 0.040625 0.11015625
1 0.6109375 0.19609375 0.04453125 0.10234375
1 0.6140625 0.07421875 0.040625 0.096875
1 0.67265625 0.078125 0.03984375 0.10078125
1 0.53125 0.19921875 0.04296875 0.11171875
1 0.528125 0.32890625 0.03828125 0.11328125
1 0.5328125 0.07109375 0.04296875 0.10390625
1 0.46171875 0.0640625 0.04140625 0.0984375
1 0.46015625 0.1921875 0.0375 0.11171875
1 0.4546875 0.32421875 0.04140625 0.115625
1 0.3953125 0.184375 0.040625 0.1078125
1 0.4015625 0.05859375 0.0375 0.10234375
1 0.25390625 0.30078125 0.040625 0.11015625
1 0.31484375 0.44375 0.0359375 0.11015625
1 0.38203125 0.4515625 0.04609375 0.0953125
1 0.453125 0.44765625 0.046875 0.11015625
1 0.52578125 0.4609375 0.04296875 0.10625
1 0.24921875 0.4359375 0.04140625 0.11171875
1 0.16484375 0.42578125 0.040625 0.10234375
1 0.1734375 0.29609375 0.0375 0.14140625
1 0.1171875 0.29296875 0.04609375 0.11328125
1 0.1125 0.41640625 0.03984375 0.10234375
1 0.0640625 0.41640625 0.040625 0.10234375
1 0.9859375 0.38515625 0.0265625 0.096875
1 0.9859375 0.47578125 0.02578125 0.08359375
