1 0.75625 0.328125 0.05 0.13046875
1 0.76171875 0.62421875 0.06171875 0.1375
1 0.896875 0.3625 0.07578125 0.21796875
1 0.9671875 0.35625 0.06328125 0.221875
1 0.54453125 0.41875 0.071875 0.20078125
1 0.43125 0.4234375 0.06171875 0.1921875
1 0.325 0.4203125 0.0671875 0.19921875
1 0.23046875 0.4140625 0.06484375 0.19921875
1 0.12265625 0.41171875 0.06953125 0.1828125
1 0.5453125 0.1546875 0.071875 0.21953125
1 0.434375 0.15078125 0.0671875 0.20078125
1 0.33203125 0.14609375 0.06875 0.20703125
1 0.23515625 0.14765625 0.0703125 0.20703125
1 0.13203125 0.14765625 0.07578125 0.19921875
1 0.03046875 0.15390625 0.0609375 0.221875
1 0.02421875 0.42109375 0.0484375 0.19765625
1 0.88125 0.09296875 0.0671875 0.17890625
1 0.95546875 0.10078125 0.06953125 0.18984375
1 0.90859375 0.65234375 0.084375 0.23671875
1 0.7453125 0.0671875 0.05625 0.13046875
