1 0.79375 0.3609375 0.07265625 0.20859375
1 0.78828125 0.1 0.07265625 0.19921875
1 0.96875 0.08671875 0.06015625 0.165625
1 0.96875 0.3671875 0.0609375 0.20078125
1 0.96640625 0.64453125 0.06484375 0.215625
1 0.80234375 0.63515625 0.08984375 0.20859375
1 0.63046875 0.6828125 0.06640625 0.18046875
1 0.5546875 0.68046875 0.06875 0.184375
1 0.5921875 0.40703125 0.1015625 0.21015625
1 0.3890625 0.396875 0.10859375 0.2125
1 0.59375 0.1328125 0.078125 0.19921875
1 0.39453125 0.11640625 0.07890625 0.20703125
1 0.18984375 0.10703125 0.08203125 0.20703125
1 0.17734375 0.3703125 0.11328125 0.2125
1 0.19921875 0.65703125 0.08046875 0.1859375
1 0.12421875 0.65078125 0.0734375 0.203125
