1 0.4453125 0.36015625 0.0578125 0.18046875
1 0.565625 0.36796875 0.06484375 0.18828125
1 0.703125 0.353125 0.06015625 0.221875
1 0.79375 0.3546875 0.06640625 0.21796875
1 0.8859375 0.3578125 0.06640625 0.2234375
1 0.97109375 0.36015625 0.05546875 0.20703125
1 0.96875 0.0921875 0.0546875 0.184375
1 0.88203125 0.090625 0.06953125 0.1765625
1 0.79140625 0.0859375 0.0671875 0.16796875
1 0.70546875 0.08203125 0.06015625 0.1640625
1 0.5671875 0.10546875 0.07265625 0.20703125
1 0.4484375 0.10390625 0.06484375 0.20078125
1 0.34296875 0.10546875 0.06640625 0.1953125
1 0.246875 0.10234375 0.06640625 0.19375
1 0.33828125 0.36015625 0.06484375 0.1921875
1 0.240625 0.35625 0.0640625 0.184375
1 0.0484375 0.325 0.0375 0.11328125
1 0.04765625 0.459375 0.03984375 0.12109375
1 0.05390625 0.1984375 0.04375 0.12109375
1 0.05859375 0.0765625 0.0484375 0.10078125
1 0.22734375 0.60703125 0.08984375 0.215625
1 0.34375 0.61328125 0.08984375 0.1921875
1 0.5640625 0.628125 0.13671875 0.2140625
