1 0.72890625 0.4265625 0.0546875 0.15234375
1 0.8171875 0.428125 0.0578125 0.1453125
1 0.89765625 0.4234375 0.0546875 0.13203125
1 0.9734375 0.42734375 0.046875 0.13203125
1 0.7234375 0.234375 0.05859375 0.15625
1 0.8046875 0.234375 0.053125 0.14921875
1 0.8859375 0.2359375 0.06015625 0.13984375
1 0.96875 0.2375 0.05546875 0.1359375
1 0.425 0.340625 0.078125 0.1859375
1 0.72109375 0.0625 0.06171875 0.1171875
1 0.8 0.0625 0.0578125 0.1171875
1 0.88125 0.06484375 0.05234375 0.115625
1 0.96015625 0.06328125 0.0578125 0.11953125
1 0.425 0.09140625 0.08984375 0.17109375
1 0.284375 0.0890625 0.071875 0.178125
1 0.2828125 0.33828125 0.06875 0.1953125
1 0.1578125 0.334375 0.0875 0.2140625
1 0.16328125 0.08359375 0.0765625 0.1671875
