1 0.6453125 0.4015625 0.10078125 0.21015625
1 0.83359375 0.40859375 0.10546875 0.21015625
1 0.80390625 0.6921875 0.0734375 0.1953125
1 0.87890625 0.6921875 0.0734375 0.18828125
1 0.46484375 0.675 0.0703125 0.1953125
1 0.39140625 0.66875 0.0671875 0.19765625
1 0.2640625 0.665625 0.0671875 0.1953125
1 0.19140625 0.66328125 0.07265625 0.2046875
1 0.43125 0.39375 0.1078125 0.22890625
1 0.2390625 0.38671875 0.1140625 0.21796875
1 0.04140625 0.4515625 0.08046875 0.23671875
1 0.03515625 0.715625 0.06875 0.221875
1 0.03828125 0.13125 0.0734375 0.203125
1 0.2578125 0.1125 0.0765625 0.19921875
1 0.43671875 0.12109375 0.08671875 0.215625
1 0.64140625 0.12421875 0.075 0.2140625
1 0.8265625 0.1390625 0.08203125 0.2140625
