1 0.7796875 0.678125 0.04140625 0.13046875
1 0.70390625 0.6546875 0.046875 0.12109375
1 0.85 0.684375 0.04375 0.1359375
1 0.925 0.68515625 0.0484375 0.1375
1 0.70546875 0.5 0.046875 0.13984375
1 0.77421875 0.5046875 0.05234375 0.14140625
1 0.8421875 0.50859375 0.05 0.1375
1 0.9234375 0.515625 0.046875 0.1265625
1 0.64609375 0.49609375 0.04609375 0.13203125
1 0.5703125 0.4921875 0.04296875 0.13984375
1 0.48671875 0.4859375 0.0484375 0.1375
1 0.490625 0.328125 0.04609375 0.1375
1 0.571875 0.33125 0.04296875 0.14140625
1 0.646875 0.33671875 0.0484375 0.1453125
1 0.70546875 0.33828125 0.04375 0.146875
1 0.70546875 0.1953125 0.04296875 0.13046875
1 0.64921875 0.1921875 0.04453125 0.13046875
1 0.575 0.1859375 0.04453125 0.134375
1 0.4921875 0.18125 0.04453125 0.125
1 0.49765625 0.05234375 0.04453125 0.10390625
1 0.575 0.05625 0.04296875 0.10078125
1 0.65078125 0.0578125 0.04296875 0.1078125
1 0.70703125 0.059375 0.04921875 0.10390625
1 0.77421875 0.34140625 0.053125 0.13203125
1 0.3953125 0.42890625 0.04296875 0.15078125
1 0.40078125 0.25234375 0.040625 0.1359375
1 0.40625 0.1 0.04609375 0.1171875
1 0.3421875 0.1015625 0.0484375 0.12109375
1 0.33359375 0.2515625 0.0484375 0.1375
1 0.32890625 0.4234375 0.046875 0.16171875
1 0.27109375 0.4265625 0.03984375 0.15625
1 0.27421875 0.2515625 0.0484375 0.134375
1 0.27890625 0.10234375 0.04453125 0.1265625
1 0.2078125 0.10546875 0.05234375 0.1171875
1 0.2 0.2484375 0.0484375 0.1359375
1 0.19140625 0.4203125 0.0484375 0.15859375
1 0.11328125 0.41875 0.05546875 0.16015625
1 0.03671875 0.41328125 0.05 0.16015625
