1 0.56875 0.38203125 0.07890625 0.2421875
1 0.69296875 0.3796875 0.08046875 0.25703125
1 0.85546875 0.38359375 0.08984375 0.271875
1 0.9640625 0.38359375 0.0703125 0.271875
1 0.95390625 0.1171875 0.08515625 0.23125
1 0.8421875 0.1171875 0.09296875 0.23125
1 0.68359375 0.09140625 0.07890625 0.175
1 0.5609375 0.09609375 0.0765625 0.184375
1 0.4046875 0.3546875 0.08984375 0.18828125
1 0.27421875 0.35390625 0.0875 0.20078125
1 0.4015625 0.10625 0.09296875 0.19375
1 0.2765625 0.10234375 0.0953125 0.19375
1 0.12109375 0.4078125 0.0984375 0.21953125
1 0.12734375 0.0953125 0.09921875 0.18984375
