1 0.019375 0.64387 0.03625 0.06839000000000006
1 0.0275 0.527523 0.0325 0.06755600000000006
1 0.0415625 0.42785650000000003 0.019374999999999996 0.036697000000000035
1 0.065625 0.42952450000000003 0.026250000000000002 0.04003300000000004
1 0.0684375 0.646789 0.025625000000000002 0.07756400000000008
1 0.075625 0.5296080000000001 0.034999999999999996 0.06338600000000005
1 0.11812500000000001 0.649291 0.03499999999999999 0.06588800000000006
1 0.1225 0.5296080000000001 0.023749999999999993 0.06005000000000005
1 0.1265625 0.4349455 0.015625 0.03252700000000003
1 0.1515625 0.5079235 0.011874999999999997 0.09341100000000002
1 0.1740625 0.4933275 0.013124999999999998 0.09424499999999997
1 0.19906249999999998 0.47623 0.019375000000000003 0.11175999999999997
1 0.2296875 0.4545455 0.020625000000000004 0.12677299999999997
1 0.2690625 0.42869050000000003 0.019374999999999976 0.13511299999999998
1 0.31656249999999997 0.40366949999999996 0.02437499999999998 0.150125
1 0.379375 0.3598835 0.03875000000000001 0.19266100000000005
1 0.6128125 0.3448710000000001 0.13187499999999996 0.23936600000000005
1 0.83375 0.6613844999999999 0.028750000000000053 0.06171899999999997
