1 0.6015625 0.3671875 0.0578125 0.17890625
1 0.70390625 0.36328125 0.04921875 0.16796875
1 0.521875 0.36796875 0.05 0.165625
1 0.45703125 0.36953125 0.0578125 0.1734375
1 0.490625 0.1328125 0.06171875 0.18828125
1 0.59921875 0.1359375 0.06875 0.19765625
1 0.6984375 0.12578125 0.05625 0.1765625
1 0.80546875 0.1328125 0.06171875 0.1921875
1 0.78359375 0.3625 0.04609375 0.1765625
1 0.84296875 0.36484375 0.046875 0.1640625
1 0.1578125 0.359375 0.06875 0.15234375
1 0.0515625 0.3546875 0.0640625 0.1546875
1 0.94375 0.37734375 0.05546875 0.1734375
