1 0.6078125 0.225 0.04921875 0.15234375
1 0.60546875 0.41171875 0.04921875 0.14921875
1 0.703125 0.221875 0.0578125 0.14921875
1 0.7796875 0.225 0.053125 0.15234375
1 0.784375 0.40859375 0.04921875 0.128125
1 0.7015625 0.41328125 0.0546875 0.1265625
1 0.5125 0.2140625 0.0484375 0.14921875
1 0.5109375 0.4078125 0.04921875 0.13046875
1 0.446875 0.4078125 0.053125 0.13046875
1 0.4484375 0.21796875 0.05234375 0.14921875
1 0.3578125 0.21953125 0.06171875 0.14140625
1 0.35390625 0.40390625 0.053125 0.1453125
1 0.2625 0.25546875 0.05 0.15625
1 0.25859375 0.4328125 0.04921875 0.13203125
1 0.18515625 0.4328125 0.05625 0.125
1 0.19140625 0.25859375 0.04453125 0.15234375
1 0.1234375 0.24609375 0.0484375 0.14140625
1 0.12734375 0.07890625 0.04375 0.128125
1 0.19453125 0.07578125 0.0515625 0.1359375
1 0.26796875 0.07734375 0.0484375 0.13984375
1 0.36171875 0.0546875 0.0484375 0.109375
1 0.453125 0.0546875 0.05546875 0.0953125
1 0.51796875 0.053125 0.05859375 0.10625
1 0.60546875 0.053125 0.0640625 0.0984375
1 0.6984375 0.05625 0.05 0.10078125
1 0.77109375 0.05703125 0.0546875 0.10234375
