1 0.6796875 0.1125 0.07578125 0.19921875
1 0.84296875 0.13671875 0.0875 0.25546875
1 0.525 0.1421875 0.078125 0.24765625
1 0.3796875 0.12109375 0.0734375 0.215625
1 0.2796875 0.1203125 0.07578125 0.22890625
1 0.37890625 0.36796875 0.06640625 0.203125
1 0.52265625 0.38515625 0.0703125 0.14140625
1 0.68125 0.37890625 0.06953125 0.13984375
1 0.84921875 0.38671875 0.08125 0.14375
1 0.28125 0.37421875 0.06875 0.2234375
1 0.1375 0.16640625 0.07265625 0.21015625
1 0.0296875 0.1640625 0.059375 0.203125
1 0.128125 0.396875 0.075 0.15625
