1 0.58671875 0.44609375 0.05859375 0.13984375
1 0.65234375 0.4453125 0.05234375 0.14140625
1 0.7265625 0.4453125 0.04453125 0.1453125
1 0.784375 0.43828125 0.0484375 0.13203125
1 0.9015625 0.42265625 0.06328125 0.1640625
1 0.971875 0.4171875 0.05234375 0.16796875
1 0.95859375 0.1953125 0.05546875 0.175
1 0.890625 0.190625 0.06328125 0.18046875
1 0.7828125 0.26875 0.05234375 0.1171875
1 0.7796875 0.10859375 0.0515625 0.1171875
1 0.721875 0.103125 0.04453125 0.125
1 0.72578125 0.2609375 0.04609375 0.12265625
1 0.65078125 0.21953125 0.06015625 0.15234375
1 0.5859375 0.22265625 0.05859375 0.16953125
1 0.6515625 0.06328125 0.0515625 0.1265625
1 0.58359375 0.06171875 0.05 0.10390625
1 0.5125 0.2625 0.04609375 0.14140625
1 0.50859375 0.4453125 0.0515625 0.1453125
1 0.446875 0.44609375 0.0546875 0.14375
1 0.45 0.26328125 0.046875 0.14375
1 0.5109375 0.08203125 0.04609375 0.11171875
1 0.44765625 0.08359375 0.0515625 0.115625
1 0.36328125 0.25390625 0.0515625 0.1734375
1 0.36015625 0.4625 0.0515625 0.1765625
1 0.2703125 0.45703125 0.0578125 0.1734375
1 0.18046875 0.4546875 0.05546875 0.175
1 0.27734375 0.25390625 0.05 0.184375
1 0.36484375 0.07109375 0.05 0.1375
1 0.2828125 0.07578125 0.05859375 0.14375
1 0.19921875 0.0734375 0.05625 0.146875
1 0.1890625 0.24765625 0.05546875 0.1828125
