1 0.85703125 0.5375 0.1140625 0.3296875
1 0.840625 0.12265625 0.12265625 0.23828125
1 0.0390625 0.078125 0.04609375 0.11953125
1 0.0328125 0.2296875 0.04375 0.13984375
1 0.0296875 0.38984375 0.04296875 0.13984375
1 0.02578125 0.65546875 0.040625 0.1078125
1 0.10546875 0.08203125 0.04453125 0.115625
1 0.1703125 0.08359375 0.0484375 0.1265625
1 0.23359375 0.084375 0.04296875 0.12109375
1 0.234375 0.2359375 0.03984375 0.1359375
1 0.22734375 0.4046875 0.0484375 0.1546875
1 0.228125 0.53828125 0.04375 0.0890625
1 0.225 0.6640625 0.04609375 0.10625
1 0.15625 0.66171875 0.04609375 0.0953125
1 0.1578125 0.534375 0.04609375 0.10078125
1 0.1625 0.396875 0.053125 0.15625
1 0.16640625 0.2359375 0.046875 0.1359375
1 0.1015625 0.23671875 0.046875 0.1375
1 0.09609375 0.39921875 0.04453125 0.1546875
1 0.3328125 0.35390625 0.05234375 0.16015625
1 0.33046875 0.5203125 0.0484375 0.146875
1 0.403125 0.51875 0.04609375 0.125
1 0.40859375 0.3609375 0.04609375 0.15234375
1 0.50546875 0.36484375 0.053125 0.16015625
1 0.50703125 0.51796875 0.05 0.1375
1 0.50859375 0.215625 0.040625 0.096875
1 0.40625 0.21875 0.040625 0.0796875
1 0.33515625 0.19921875 0.04453125 0.11171875
1 0.40546875 0.121875 0.04140625 0.08359375
