1 0.13046875 0.30390625 0.11328125 0.290625
1 0.425 0.4578125 0.05234375 0.15234375
1 0.42734375 0.3046875 0.046875 0.13203125
1 0.42890625 0.16484375 0.05 0.128125
1 0.90234375 0.30078125 0.0328125 0.08359375
1 0.90703125 0.4125 0.028125 0.0953125
1 0.90703125 0.51328125 0.03203125 0.0875
1 0.859375 0.5203125 0.0328125 0.08359375
1 0.8609375 0.421875 0.03203125 0.08359375
1 0.86015625 0.3265625 0.034375 0.0875
1 0.85390625 0.2203125 0.0375 0.0953125
1 0.909375 0.6015625 0.040625 0.0890625
1 0.65703125 0.284375 0.034375 0.1171875
1 0.65625 0.165625 0.0328125 0.07421875
1 0.62109375 0.19375 0.0375 0.0890625
