1 0.7015625 0.30234375 0.0484375 0.1546875
1 0.803125 0.31484375 0.0546875 0.1375
1 0.9171875 0.31171875 0.05 0.14375
1 0.975 0.15 0.04140625 0.12109375
1 0.9046875 0.1546875 0.04921875 0.12265625
1 0.79296875 0.15859375 0.0515625 0.1265625
1 0.69609375 0.1375 0.04609375 0.1265625
1 0.63125 0.30078125 0.05 0.15078125
1 0.57109375 0.3015625 0.04609375 0.15234375
1 0.509375 0.29921875 0.04921875 0.146875
1 0.45 0.29921875 0.05 0.14375
1 0.62890625 0.1359375 0.04453125 0.11953125
1 0.5703125 0.13515625 0.0484375 0.125
1 0.5109375 0.1328125 0.04609375 0.12109375
1 0.45234375 0.1296875 0.05 0.125
1 0.509375 0.47734375 0.04609375 0.125
1 0.5734375 0.47578125 0.04921875 0.1171875
1 0.6296875 0.4765625 0.0484375 0.11953125
1 0.4421875 0.475 0.0515625 0.11171875
1 0.33046875 0.48125 0.05546875 0.146875
1 0.33515625 0.2828125 0.05546875 0.16015625
1 0.3375 0.1 0.0515625 0.1359375
1 0.23828125 0.10703125 0.05546875 0.13984375
1 0.2359375 0.2921875 0.05625 0.16015625
1 0.22734375 0.48671875 0.053125 0.146875
1 0.11875 0.4921875 0.06015625 0.1546875
1 0.13125 0.28828125 0.06015625 0.15625
1 0.140625 0.10859375 0.05234375 0.13203125
1 0.0359375 0.10859375 0.05625 0.14375
1 0.02890625 0.28984375 0.053125 0.16171875
