1 0.925 0.378125 0.05859375 0.12265625
1 0.6984375 0.37578125 0.0515625 0.115625
1 0.5890625 0.18125 0.046875 0.1546875
1 0.58515625 0.38671875 0.05234375 0.13203125
1 0.490625 0.384375 0.053125 0.13203125
1 0.70078125 0.178125 0.0515625 0.15078125
1 0.49375 0.18515625 0.053125 0.16171875
1 0.31328125 0.1890625 0.046875 0.14375
1 0.3078125 0.384375 0.046875 0.12109375
1 0.9171875 0.1734375 0.05234375 0.14921875
1 0.8078125 0.1765625 0.05546875 0.14921875
1 0.8046875 0.3796875 0.05234375 0.12265625
1 0.4078125 0.18984375 0.04453125 0.1453125
1 0.40625 0.3875 0.04140625 0.13046875
1 0.2234375 0.365625 0.06328125 0.10625
1 0.21796875 0.53046875 0.06015625 0.134375
1 0.12734375 0.5328125 0.078125 0.15234375
1 0.0328125 0.52734375 0.06484375 0.1453125
1 0.1328125 0.365625 0.078125 0.11015625
1 0.03828125 0.36953125 0.071875 0.1171875
1 0.2375 0.14453125 0.0515625 0.15078125
1 0.14140625 0.146875 0.04921875 0.14140625
1 0.046875 0.14921875 0.0515625 0.1375
