1 0.011875 0.2519025 0.011250000000000001 0.190259
1 0.014374999999999999 0.599696 0.008749999999999999 0.21917800000000004
1 0.0421875 0.21004550000000002 0.025625000000000002 0.225267
1 0.1878125 0.1286145 0.079375 0.235921
1 0.31 0.1027395 0.09375 0.205479
1 0.5778125000000001 0.1202435 0.07562499999999994 0.240487
1 0.6637500000000001 0.149163 0.04749999999999999 0.246576
1 0.7562500000000001 0.0570775 0.01375000000000004 0.111111
1 0.75875 0.26407900000000006 0.011249999999999982 0.15981800000000004
1 0.779375 0.11034999999999999 0.011249999999999982 0.092846
1 0.7793749999999999 0.296804 0.006249999999999978 0.130898
