1 0.10390625 0.225 0.1734375 0.44296875
1 0.965625 0.16875 0.0609375 0.165625
1 0.96875 0.39765625 0.0609375 0.203125
1 0.85703125 0.16875 0.0640625 0.15859375
1 0.8609375 0.3890625 0.0671875 0.20078125
1 0.77421875 0.38359375 0.06875 0.2046875
1 0.77109375 0.165625 0.0671875 0.1640625
1 0.66953125 0.37421875 0.06640625 0.20078125
1 0.5890625 0.375 0.0671875 0.20703125
1 0.50703125 0.36953125 0.0671875 0.19921875
1 0.67265625 0.16171875 0.06953125 0.16796875
1 0.59375 0.15 0.06484375 0.1765625
1 0.509375 0.15390625 0.06875 0.18046875
