1 0.93125 0.46171875 0.071875 0.15234375
1 0.91953125 0.24296875 0.06953125 0.14375
1 0.828125 0.4640625 0.05546875 0.16796875
1 0.7578125 0.4625 0.0546875 0.16171875
1 0.753125 0.2515625 0.046875 0.1375
1 0.81953125 0.25078125 0.0515625 0.14375
1 0.67109375 0.471875 0.04375 0.125
1 0.5953125 0.471875 0.0484375 0.13203125
1 0.51015625 0.471875 0.0546875 0.125
1 0.41953125 0.46640625 0.04609375 0.12109375
1 0.340625 0.4671875 0.05 0.12265625
1 0.90625 0.06015625 0.06953125 0.11328125
1 0.80859375 0.06484375 0.04453125 0.11171875
1 0.7421875 0.07109375 0.04375 0.11171875
1 0.66640625 0.13671875 0.05234375 0.13203125
1 0.5953125 0.134375 0.04921875 0.13046875
1 0.51171875 0.121875 0.0515625 0.125
1 0.66953125 0.3078125 0.0484375 0.13984375
1 0.596875 0.30078125 0.05546875 0.1359375
1 0.509375 0.29765625 0.053125 0.1375
1 0.42109375 0.29453125 0.05234375 0.1453125
1 0.42265625 0.12109375 0.05 0.1265625
1 0.3453125 0.1203125 0.05234375 0.13203125
1 0.3421875 0.28828125 0.0515625 0.1375
1 0.2875 0.140625 0.0234375 0.1171875
1 0.28125 0.30625 0.028125 0.1171875
1 0.22265625 0.3078125 0.0546875 0.13203125
1 0.21796875 0.49140625 0.053125 0.134375
1 0.22890625 0.14140625 0.0609375 0.13046875
1 0.27265625 0.4859375 0.0328125 0.13046875
1 0.15703125 0.48984375 0.03203125 0.1375
1 0.165625 0.3078125 0.034375 0.128125
1 0.175 0.13671875 0.02890625 0.11328125
1 0.0984375 0.08828125 0.06015625 0.13203125
1 0.0890625 0.26640625 0.04921875 0.15234375
1 0.08203125 0.44140625 0.05 0.1375
