1 0.784375 0.35390625 0.04609375 0.14140625
1 0.85625 0.35390625 0.04609375 0.134375
1 0.85859375 0.16171875 0.05234375 0.1640625
1 0.7828125 0.16640625 0.0578125 0.165625
1 0.71796875 0.1703125 0.04921875 0.18046875
1 0.7140625 0.35 0.046875 0.14140625
1 0.5765625 0.3984375 0.05546875 0.1453125
1 0.4890625 0.39921875 0.05 0.15078125
1 0.57890625 0.19453125 0.0515625 0.15078125
1 0.49140625 0.2046875 0.04921875 0.14921875
1 0.41328125 0.21171875 0.04609375 0.1359375
1 0.4125 0.4015625 0.04921875 0.146875
1 0.33671875 0.403125 0.04921875 0.1359375
1 0.33671875 0.22265625 0.04921875 0.13984375
1 0.26171875 0.4109375 0.04921875 0.1359375
1 0.20234375 0.4125 0.03515625 0.125
1 0.1171875 0.4203125 0.046875 0.128125
1 0.1171875 0.23984375 0.04453125 0.13046875
1 0.33984375 0.04921875 0.04453125 0.0984375
1 0.41484375 0.04921875 0.04140625 0.0984375
1 0.265625 0.06015625 0.04609375 0.1171875
1 0.196875 0.06015625 0.04609375 0.11328125
1 0.1203125 0.0625 0.05 0.125
1 0.26640625 0.23125 0.04921875 0.134375
1 0.19296875 0.2296875 0.05 0.128125
1 0.01640625 0.11015625 0.0328125 0.1265625
1 0.015625 0.2671875 0.03125 0.12109375
1 0.015625 0.44375 0.02890625 0.14375
