1 0.69296875 0.2203125 0.0484375 0.1546875
1 0.69921875 0.421875 0.0546875 0.13984375
1 0.60546875 0.4265625 0.0546875 0.1453125
1 0.5078125 0.4234375 0.05546875 0.13203125
1 0.5125 0.2265625 0.0515625 0.146875
1 0.31640625 0.42421875 0.0609375 0.1453125
1 0.3171875 0.2203125 0.05546875 0.165625
1 0.225 0.22734375 0.0546875 0.17109375
1 0.22265625 0.4265625 0.05859375 0.14140625
1 0.115625 0.40390625 0.0609375 0.1265625
1 0.03125 0.40234375 0.0609375 0.13046875
1 0.95859375 0.365625 0.0484375 0.10625
1 0.95703125 0.2484375 0.028125 0.0875
1 0.96640625 0.5109375 0.0375 0.0953125
1 0.11640625 0.21875 0.05546875 0.16171875
