1 0.97734375 0.31171875 0.04296875 0.1171875
1 0.98046875 0.4640625 0.0375 0.11171875
1 0.87421875 0.4609375 0.0484375 0.0984375
1 0.77109375 0.46953125 0.05 0.10078125
1 0.7640625 0.32578125 0.046875 0.1078125
1 0.86875 0.3171875 0.05 0.10625
1 0.671875 0.4671875 0.04453125 0.10390625
1 0.66796875 0.33046875 0.04609375 0.10625
1 0.6671875 0.1984375 0.04609375 0.0953125
1 0.76015625 0.19296875 0.0484375 0.09140625
1 0.6625 0.0671875 0.04296875 0.10078125
1 0.75390625 0.053125 0.0515625 0.0984375
1 0.67421875 0.60703125 0.0578125 0.115625
1 0.57734375 0.6078125 0.05625 0.1171875
1 0.575 0.47109375 0.04296875 0.1078125
1 0.575 0.33671875 0.04453125 0.1078125
1 0.57421875 0.21015625 0.04375 0.10390625
1 0.57265625 0.078125 0.040625 0.09296875
1 0.50625 0.0890625 0.03828125 0.0859375
1 0.50859375 0.2203125 0.03828125 0.0984375
1 0.50546875 0.34453125 0.04296875 0.10390625
1 0.5078125 0.47421875 0.0375 0.0984375
1 0.440625 0.60859375 0.05 0.1078125
1 0.440625 0.47421875 0.03984375 0.0953125
1 0.35234375 0.48515625 0.04140625 0.0984375
1 0.35390625 0.61171875 0.05625 0.10234375
1 0.35546875 0.35390625 0.0375 0.1078125
1 0.35703125 0.23359375 0.04140625 0.10234375
1 0.3578125 0.1109375 0.040625 0.0875
1 0.26796875 0.48984375 0.040625 0.09296875
1 0.18828125 0.4953125 0.0359375 0.09296875
1 0.13125 0.49453125 0.0328125 0.0875
1 0.190625 0.36875 0.0375 0.096875
1 0.2703125 0.3625 0.0359375 0.0984375
1 0.1390625 0.3734375 0.0328125 0.11015625
1 0.2796875 0.12265625 0.0359375 0.096875
1 0.27578125 0.2484375 0.034375 0.0875
1 0.19765625 0.25546875 0.034375 0.09296875
1 0.14375 0.25546875 0.03515625 0.0859375
1 0.20390625 0.13671875 0.0375 0.0875
1 0.14921875 0.1421875 0.03515625 0.0796875
1 0.20546875 0.04296875 0.034375 0.08203125
1 0.1515625 0.0390625 0.0328125 0.078125
1 0.06953125 0.496875 0.0359375 0.115625
1 0.44453125 0.22421875 0.040625 0.0984375
1 0.44453125 0.0984375 0.040625 0.08203125
