1 0.71953125 0.18359375 0.05859375 0.1921875
1 0.72109375 0.39765625 0.05546875 0.16171875
1 0.5875 0.38203125 0.06171875 0.16796875
1 0.5890625 0.16640625 0.06328125 0.1921875
1 0.4203125 0.14453125 0.0671875 0.21015625
1 0.41796875 0.375 0.06875 0.1734375
1 0.2765625 0.3671875 0.071875 0.17890625
1 0.278125 0.12734375 0.06328125 0.2140625
1 0.1515625 0.1125 0.07890625 0.21796875
1 0.14609375 0.353125 0.0765625 0.18046875
1 0.03046875 0.35625 0.0609375 0.1953125
1 0.03203125 0.10625 0.06171875 0.2125
1 0.91953125 0.39609375 0.02578125 0.09140625
1 0.9578125 0.39609375 0.02421875 0.0875
1 0.98671875 0.396875 0.02421875 0.0859375
1 0.9875 0.2921875 0.02109375 0.078125
1 0.95625 0.290625 0.02109375 0.07421875
1 0.91796875 0.28828125 0.02890625 0.078125
1 0.8734375 0.290625 0.02890625 0.07421875
1 0.87421875 0.396875 0.03125 0.096875
1 0.82421875 0.30078125 0.0265625 0.06484375
1 0.825 0.4046875 0.028125 0.0875
