1 0.8328125 0.3640625 0.08203125 0.22890625
1 0.9703125 0.09140625 0.05625 0.1828125
1 0.9734375 0.35546875 0.05 0.23828125
1 0.828125 0.10390625 0.08359375 0.19765625
1 0.6796875 0.08359375 0.1046875 0.15625
1 0.67109375 0.37734375 0.10234375 0.20703125
1 0.48359375 0.36875 0.08046875 0.2046875
1 0.484375 0.1015625 0.078125 0.1953125
1 0.28671875 0.090625 0.1078125 0.18046875
1 0.29296875 0.38359375 0.10546875 0.2046875
1 0.12421875 0.38046875 0.08046875 0.21796875
1 0.13125 0.11171875 0.07265625 0.20078125
1 0.03125 0.0890625 0.05 0.178125
1 0.02265625 0.3609375 0.04375 0.19375
