1 0.621875 0.42109375 0.05546875 0.15625
1 0.48828125 0.415625 0.0515625 0.16015625
1 0.34140625 0.40859375 0.05625 0.1734375
1 0.20390625 0.4046875 0.0609375 0.18828125
1 0.034375 0.62421875 0.06875 0.175
1 0.0328125 0.4 0.05546875 0.175
1 0.2046875 0.18359375 0.05859375 0.1734375
1 0.3390625 0.19609375 0.0578125 0.165625
1 0.4875 0.2125 0.06640625 0.175
1 0.61484375 0.2328125 0.04609375 0.15625
1 0.8203125 0.4375 0.03984375 0.1265625
1 0.91640625 0.43828125 0.0328125 0.1171875
1 0.9078125 0.284375 0.0375 0.1171875
1 0.8625 0.28125 0.0375 0.11171875
1 0.81328125 0.275 0.040625 0.125
1 0.95234375 0.2859375 0.03515625 0.11328125
1 0.9453125 0.15390625 0.0375 0.11328125
1 0.9015625 0.14609375 0.040625 0.1171875
1 0.85546875 0.1375 0.03828125 0.1078125
1 0.80625 0.11796875 0.04296875 0.12109375
