1 0.64296875 0.33125 0.10859375 0.21953125
1 0.784375 0.32421875 0.11640625 0.20078125
1 0.9390625 0.33359375 0.1046875 0.215625
1 0.490625 0.321875 0.12890625 0.23828125
1 0.35390625 0.340625 0.084375 0.21953125
1 0.184375 0.371875 0.078125 0.2140625
1 0.0328125 0.38828125 0.06484375 0.1953125
1 0.190625 0.103125 0.071875 0.203125
1 0.353125 0.08359375 0.078125 0.1640625
1 0.48671875 0.0671875 0.1140625 0.1265625
1 0.63671875 0.07109375 0.11328125 0.12265625
1 0.77421875 0.07109375 0.1109375 0.134375
1 0.92734375 0.07109375 0.11953125 0.134375
1 0.02578125 0.08671875 0.0515625 0.15859375
