1 0.625 0.15546875 0.06640625 0.203125
1 0.6265625 0.39453125 0.06953125 0.17890625
1 0.73984375 0.38984375 0.06328125 0.165625
1 0.86171875 0.39453125 0.07578125 0.16796875
1 0.85859375 0.15625 0.0765625 0.2125
1 0.734375 0.1515625 0.06953125 0.203125
1 0.45 0.09296875 0.0703125 0.17890625
1 0.45 0.33984375 0.0640625 0.1921875
1 0.321875 0.34609375 0.0671875 0.175
1 0.32578125 0.0890625 0.06171875 0.16796875
1 0.215625 0.0953125 0.0609375 0.1828125
1 0.21171875 0.35234375 0.06171875 0.17890625
1 0.084375 0.3453125 0.06640625 0.184375
1 0.09140625 0.09765625 0.06328125 0.1921875
