1 0.97734375 0.215625 0.04375 0.15625
1 0.97890625 0.3921875 0.03984375 0.13984375
1 0.83828125 0.44140625 0.05 0.134375
1 0.83203125 0.24375 0.046875 0.1375
1 0.8234375 0.06484375 0.05 0.1265625
1 0.7390625 0.25234375 0.0484375 0.14375
1 0.74296875 0.4359375 0.05625 0.1453125
1 0.66640625 0.43046875 0.05234375 0.1375
1 0.6609375 0.25234375 0.0515625 0.146875
1 0.7375 0.06640625 0.04921875 0.125
1 0.66328125 0.06796875 0.05546875 0.13203125
1 0.58203125 0.07109375 0.04921875 0.1375
1 0.58203125 0.25234375 0.0515625 0.14375
1 0.58515625 0.43359375 0.05546875 0.134375
1 0.5015625 0.4359375 0.05234375 0.1375
1 0.503125 0.26015625 0.0515625 0.1359375
1 0.50234375 0.08203125 0.046875 0.13046875
1 0.425 0.0828125 0.0546875 0.128125
1 0.42578125 0.2578125 0.0484375 0.14375
1 0.425 0.43828125 0.04921875 0.14375
1 0.346875 0.4359375 0.05625 0.13046875
1 0.34765625 0.26171875 0.05 0.128125
1 0.35078125 0.08828125 0.0515625 0.12109375
1 0.23203125 0.13203125 0.046875 0.12265625
1 0.22734375 0.29453125 0.04140625 0.14921875
1 0.22265625 0.46796875 0.05 0.1546875
1 0.1578125 0.465625 0.046875 0.1453125
1 0.16484375 0.29453125 0.046875 0.1375
1 0.16796875 0.1390625 0.04609375 0.13203125
1 0.10546875 0.30546875 0.04375 0.134375
1 0.03359375 0.46796875 0.05 0.14375
1 0.04140625 0.30078125 0.040625 0.1171875
