1 0.43828125 0.35078125 0.07890625 0.1953125
1 0.52421875 0.34765625 0.08203125 0.19921875
1 0.60625 0.3484375 0.08046875 0.20859375
1 0.6890625 0.3453125 0.08125 0.19921875
1 0.76875 0.34765625 0.08203125 0.19921875
1 0.85234375 0.34453125 0.08359375 0.20078125
1 0.940625 0.34375 0.0890625 0.20703125
1 0.52421875 0.6296875 0.08046875 0.2046875
1 0.440625 0.07109375 0.08203125 0.134375
1 0.67109375 0.06953125 0.0890625 0.13203125
1 0.75234375 0.06953125 0.07578125 0.1359375
1 0.92890625 0.06953125 0.09296875 0.13203125
1 0.9515625 0.625 0.090625 0.21015625
