1 0.06875 0.294583 0.008749999999999994 0.03749999999999998
1 0.09281249999999999 0.35541700000000004 0.013125000000000012 0.03750000000000003
1 0.0971875 0.2970835 0.009374999999999994 0.03916699999999995
1 0.0990625 0.23875 0.010624999999999996 0.03583399999999998
1 0.105625 0.35375 0.009999999999999995 0.03416600000000003
1 0.139375 0.3 0.025000000000000022 0.04833399999999999
1 0.1409375 0.23333299999999998 0.021875000000000006 0.044999999999999984
1 0.16062500000000002 0.3666665 0.0037500000000000033 0.04333300000000001
1 0.161875 0.2991665 0.0037500000000000033 0.046667000000000014
1 0.165 0.23333299999999998 0.007500000000000007 0.044999999999999984
1 0.235625 0.2975 0.00874999999999998 0.061666
1 0.24375 0.2966665 0.010000000000000009 0.06666700000000003
1 0.26125 0.29749999999999993 0.011249999999999982 0.068334
