1 0.3103125 0.6033335 0.05437500000000001 0.09666699999999995
1 0.41593749999999996 0.33499999999999996 0.085625 0.10333399999999998
1 0.479375 0.609583 0.04750000000000004 0.08250000000000002
1 0.5871875 0.38125000000000003 0.034375000000000044 0.08916600000000002
1 0.734375 0.4695835 0.030000000000000027 0.07083299999999998
1 0.748125 0.6620834999999999 0.04125000000000001 0.06916700000000009
1 0.8228125 0.5066665 0.030625000000000013 0.048333000000000015
1 0.8340624999999999 0.6695835 0.024374999999999925 0.04583300000000001
1 0.9153125 0.59125 0.021874999999999978 0.05916599999999994
1 0.9309375 0.7075 0.026874999999999982 0.066666
