1 0.5165625 0.41909700000000005 0.01937500000000003 0.036688
1 0.519375 0.4840075 0.018750000000000044 0.05362099999999998
1 0.6053124999999999 0.37300099999999997 0.01937500000000003 0.05173999999999996
1 0.6065625 0.4769520000000001 0.016874999999999973 0.04891800000000007
1 0.6296875 0.12417649999999998 0.014374999999999916 0.024458999999999995
1 0.6565624999999999 0.3701785 0.021874999999999978 0.04985900000000004
1 0.6565624999999999 0.470367 0.021874999999999978 0.054562
1 0.7096875 0.36500499999999997 0.02562500000000001 0.056443999999999994
1 0.7096875 0.46425199999999994 0.015625 0.053622
1 0.7665625 0.46143 0.01937500000000003 0.055504
1 0.7671874999999999 0.362653 0.020625000000000004 0.046096000000000026
1 0.8134375 0.35936000000000007 0.020625000000000004 0.048918000000000024
1 0.8146875 0.45860750000000006 0.018124999999999947 0.04985899999999999
1 0.8690625000000001 0.4557855 0.021874999999999978 0.055502999999999976
1 0.8674999999999999 0.35889 0.015000000000000013 0.046096000000000026
