1 0.85546875 0.3640625 0.0484375 0.11015625
1 0.8109375 0.3640625 0.040625 0.10625
1 0.8046875 0.2328125 0.04453125 0.09296875
1 0.84921875 0.228125 0.04921875 0.0953125
1 0.9421875 0.25703125 0.04921875 0.12265625
1 0.9515625 0.378125 0.0484375 0.10390625
1 0.93671875 0.13046875 0.04453125 0.1078125
1 0.98515625 0.121875 0.028125 0.12109375
1 0.84453125 0.1078125 0.04609375 0.0890625
1 0.75078125 0.184375 0.04140625 0.096875
1 0.75078125 0.31640625 0.040625 0.134375
1 0.75234375 0.46484375 0.05 0.1171875
1 0.70625 0.4703125 0.04921875 0.128125
1 0.70234375 0.3203125 0.04375 0.12265625
1 0.69921875 0.1859375 0.04140625 0.0890625
1 0.63125 0.1921875 0.04140625 0.1078125
1 0.63203125 0.33359375 0.04375 0.115625
1 0.5484375 0.33203125 0.04609375 0.125
1 0.54921875 0.19921875 0.040625 0.10390625
1 0.54921875 0.07734375 0.040625 0.10234375
1 0.63125 0.06796875 0.04375 0.11015625
1 0.4703125 0.08203125 0.03984375 0.10390625
1 0.4703125 0.209375 0.04140625 0.11328125
1 0.46875 0.3390625 0.04453125 0.115625
1 0.3953125 0.09375 0.04296875 0.10234375
1 0.39375 0.2125 0.0375 0.10390625
1 0.3390625 0.1921875 0.02890625 0.0859375
1 0.23359375 0.49609375 0.0328125 0.0984375
1 0.196875 0.49609375 0.02578125 0.0953125
1 0.1546875 0.4953125 0.03828125 0.096875
1 0.12109375 0.5 0.0265625 0.09140625
1 0.08046875 0.51171875 0.02890625 0.115625
1 0.2390625 0.25234375 0.03203125 0.08359375
1 0.296875 0.19921875 0.02109375 0.09296875
1 0.3296875 0.54453125 0.0328125 0.0875
1 0.7421875 0.0734375 0.0328125 0.08359375
1 0.69375 0.0734375 0.04375 0.09140625
