1 0.171875 0.321667 0.03375 0.04999999999999999
1 0.193125 0.5958335 0.05249999999999999 0.05666700000000002
1 0.193125 0.434583 0.0325 0.04749999999999999
1 0.2375 0.32249999999999995 0.03125 0.044999999999999984
1 0.2675 0.69125 0.07499999999999998 0.06583400000000006
1 0.2675 0.7358335 0.04874999999999999 0.05166700000000002
1 0.30281250000000004 0.5870835 0.060624999999999984 0.06416699999999997
1 0.29000000000000004 0.3266665 0.03250000000000003 0.04333300000000001
1 0.3178125 0.23041699999999998 0.030625000000000013 0.0325
1 0.33375 0.772083 0.04249999999999998 0.04749999999999999
1 0.349375 0.7283334999999999 0.06125000000000003 0.05666700000000002
1 0.345 0.1529165 0.028749999999999998 0.035833000000000004
1 0.3571875 0.6758335000000001 0.04812499999999997 0.05166700000000002
1 0.351875 0.8687499999999999 0.03500000000000003 0.02749999999999997
1 0.353125 0.329583 0.02999999999999997 0.03749999999999998
1 0.36812500000000004 0.8479165000000001 0.04375000000000001 0.03416699999999995
1 0.38875 0.8308335000000001 0.04625000000000001 0.04833299999999996
1 0.3821875 0.23374999999999999 0.02562500000000001 0.03916599999999998
1 0.39375 0.5258335 0.04125000000000001 0.031667
1 0.40875 0.747083 0.04749999999999999 0.057499999999999996
1 0.41718750000000004 0.5733335 0.05937500000000001 0.06666699999999992
1 0.40437500000000004 0.14791700000000002 0.028749999999999998 0.04250000000000001
1 0.406875 0.3325 0.03249999999999997 0.05166599999999999
1 0.4359375 0.8454164999999999 0.04562499999999997 0.03916699999999995
1 0.4340625 0.23666650000000003 0.02562500000000001 0.04166700000000001
1 0.441875 0.715 0.04125000000000001 0.04500000000000004
1 0.453125 0.15041649999999998 0.036250000000000004 0.044166999999999984
1 0.46375 0.6641665 0.04625000000000001 0.05666700000000002
1 0.48 0.7841665000000001 0.04499999999999993 0.04833299999999996
1 0.484375 0.8633335 0.026249999999999996 0.031667
1 0.500625 0.7391665 0.04499999999999993 0.06166700000000003
1 0.4984375 0.2416665 0.023125000000000007 0.04166700000000001
1 0.5140625 0.14791700000000002 0.03562499999999996 0.0325
1 0.5134375 0.8408335 0.03187500000000004 0.03833299999999995
1 0.5278125 0.394167 0.024375000000000036 0.04999999999999999
1 0.5346875 0.34166650000000004 0.02562500000000001 0.048333000000000015
1 0.5553125000000001 0.85125 0.030625000000000013 0.03416600000000003
1 0.56125 0.1579165 0.03249999999999997 0.035832999999999976
1 0.5762499999999999 0.6670835 0.04625000000000001 0.08583299999999994
1 0.5890625 0.8304165 0.02312499999999995 0.030833
1 0.598125 0.74625 0.028750000000000053 0.04083400000000004
1 0.6096874999999999 0.5345835 0.03312499999999996 0.04083300000000001
1 0.6284375 0.15375000000000003 0.026874999999999982 0.034166
1 0.6353125 0.8537500000000001 0.025624999999999898 0.025833999999999913
1 0.643125 0.7116669999999999 0.03874999999999995 0.06500000000000006
1 0.6815625 0.157083 0.016874999999999973 0.03749999999999998
1 0.6950000000000001 0.7291664999999999 0.03375000000000006 0.06166700000000003
