1 0.95703125 0.48515625 0.05546875 0.12109375
1 0.8890625 0.48359375 0.0609375 0.1171875
1 0.796875 0.46015625 0.0578125 0.17109375
1 0.7375 0.4546875 0.0484375 0.16796875
1 0.678125 0.45546875 0.05234375 0.1734375
1 0.79140625 0.25859375 0.05234375 0.16796875
1 0.72890625 0.25546875 0.04609375 0.17109375
1 0.67421875 0.2515625 0.0515625 0.16796875
1 0.72734375 0.09609375 0.03984375 0.125
1 0.7828125 0.096875 0.04296875 0.134375
1 0.6734375 0.09296875 0.053125 0.115625
1 0.871875 0.17890625 0.04453125 0.115625
1 0.93671875 0.18125 0.05 0.1171875
1 0.92734375 0.04765625 0.0578125 0.0953125
1 0.8671875 0.053125 0.0578125 0.0984375
1 0.94609375 0.3359375 0.05859375 0.11328125
1 0.88359375 0.33125 0.06015625 0.11171875
1 0.31328125 0.43046875 0.046875 0.17890625
1 0.25078125 0.428125 0.04609375 0.1828125
1 0.259375 0.26015625 0.04296875 0.165625
1 0.315625 0.2515625 0.04609375 0.16796875
1 0.321875 0.084375 0.046875 0.14375
1 0.2625 0.08671875 0.04921875 0.15078125
1 0.17265625 0.43984375 0.04140625 0.1640625
1 0.10859375 0.44375 0.04453125 0.15859375
1 0.040625 0.28984375 0.034375 0.0984375
1 0.1796875 0.25546875 0.03828125 0.1640625
1 0.11953125 0.25703125 0.04453125 0.16015625
1 0.046875 0.17890625 0.0359375 0.096875
1 0.05234375 0.06796875 0.03828125 0.0984375
1 0.38984375 0.31875 0.046875 0.16015625
1 0.3796875 0.50390625 0.05234375 0.15859375
1 0.45234375 0.5 0.05 0.1546875
1 0.45390625 0.31953125 0.04921875 0.16171875
1 0.45703125 0.16796875 0.05 0.11953125
1 0.3890625 0.1640625 0.04609375 0.1265625
1 0.56875 0.31640625 0.046875 0.134375
1 0.56953125 0.49609375 0.04921875 0.16171875
1 0.51953125 0.49453125 0.0328125 0.15859375
1 0.61875 0.49453125 0.04375 0.16953125
1 0.1265625 0.084375 0.04140625 0.15859375
1 0.18515625 0.0796875 0.04453125 0.1375
