1 0.6203125 0.40859375 0.071875 0.24765625
1 0.8234375 0.40234375 0.0875 0.26796875
1 0.6171875 0.71796875 0.0640625 0.1921875
1 0.134375 0.7296875 0.09609375 0.20859375
1 0.14765625 0.41875 0.0984375 0.27578125
1 0.16015625 0.11328125 0.0921875 0.2234375
1 0.31171875 0.05859375 0.05859375 0.11015625
1 0.30546875 0.36796875 0.05546875 0.15078125
1 0.4703125 0.36015625 0.0734375 0.1546875
1 0.46484375 0.06171875 0.05546875 0.11953125
1 0.6140625 0.11015625 0.07890625 0.2125
1 0.815625 0.1109375 0.08671875 0.2140625
1 0.95703125 0.06015625 0.06875 0.1171875
1 0.96796875 0.353125 0.06171875 0.15859375
