1 0.6515625 0.159375 0.0578125 0.20703125
1 0.53828125 0.15234375 0.05625 0.215625
1 0.42578125 0.15078125 0.05859375 0.2046875
1 0.31328125 0.13984375 0.05546875 0.1859375
1 0.30625 0.39140625 0.04921875 0.17890625
1 0.421875 0.39921875 0.0515625 0.18046875
1 0.5359375 0.4 0.053125 0.18984375
1 0.65078125 0.409375 0.04921875 0.18984375
1 0.20390625 0.6265625 0.084375 0.203125
1 0.52421875 0.65078125 0.08515625 0.203125
1 0.6515625 0.65625 0.08203125 0.21015625
1 0.296875 0.640625 0.07890625 0.20078125
1 0.8265625 0.4078125 0.05625 0.18984375
1 0.8109375 0.6609375 0.06171875 0.18984375
1 0.821875 0.15859375 0.05625 0.20078125
1 0.96875 0.41875 0.05234375 0.17890625
1 0.96484375 0.15625 0.05546875 0.17890625
1 0.9703125 0.66953125 0.0578125 0.19921875
