0 0.5234375 0.7096354166666666 0.02734375 0.11458333333333333
1 0.23828125 0.4173177083333333 0.044921875 0.12630208333333331
1 0.380859375 0.4375 0.037109375 0.10677083333333333
1 0.47900390625 0.48828125 0.0322265625 0.10677083333333333
1 0.70849609375 0.5 0.0322265625 0.08072916666666666
1 0.7275390625 0.591796875 0.03125 0.03515625
1 0.66357421875 0.5983072916666666 0.0322265625 0.037760416666666664
1 0.5576171875 0.517578125 0.021484375 0.07682291666666666
1 0.8388671875 0.498046875 0.0390625 0.08203125
1 0.904296875 0.505859375 0.033203125 0.07682291666666666
1 0.97412109375 0.5377604166666666 0.0283203125 0.03125
