1 0.9703125 0.41875 0.0578125 0.215625
1 0.89921875 0.4125 0.0609375 0.19921875
1 0.96484375 0.1828125 0.06015625 0.19375
1 0.89609375 0.184375 0.06875 0.18984375
1 0.75234375 0.36328125 0.04921875 0.20859375
1 0.7 0.359375 0.04375 0.2125
1 0.58046875 0.34765625 0.053125 0.2140625
1 0.52265625 0.34296875 0.05546875 0.2046875
1 0.38359375 0.340625 0.0703125 0.21953125
1 0.25390625 0.340625 0.06875 0.20078125
1 0.13046875 0.34609375 0.07265625 0.21953125
1 0.01875 0.3453125 0.0375 0.203125
1 0.02421875 0.07890625 0.04609375 0.1546875
1 0.14296875 0.08359375 0.0640625 0.1671875
1 0.26875 0.08359375 0.0625 0.1671875
1 0.39296875 0.0890625 0.06015625 0.175
1 0.528125 0.08671875 0.05546875 0.1734375
1 0.5859375 0.09140625 0.05625 0.17109375
1 0.7 0.09140625 0.0484375 0.1828125
1 0.7484375 0.0953125 0.05859375 0.1859375
