1 0.6765625 0.3 0.078125 0.18984375
1 0.8265625 0.3046875 0.08046875 0.20703125
1 0.95859375 0.30234375 0.08125 0.19921875
1 0.52734375 0.3015625 0.08203125 0.18984375
1 0.38125 0.30234375 0.08203125 0.1953125
1 0.24453125 0.3 0.07890625 0.18984375
1 0.12109375 0.29921875 0.08046875 0.21015625
1 0.52890625 0.07265625 0.075 0.1453125
1 0.6734375 0.07421875 0.08203125 0.1453125
1 0.81875 0.0734375 0.08359375 0.146875
1 0.95078125 0.07265625 0.09609375 0.1375
1 0.38359375 0.07421875 0.0828125 0.1484375
1 0.25625 0.0796875 0.08203125 0.15625
1 0.1328125 0.0765625 0.08671875 0.14921875
