1 0.721875 0.35 0.071875 0.215625
1 0.88515625 0.33828125 0.0953125 0.221875
1 0.565625 0.36015625 0.078125 0.2140625
1 0.41640625 0.3625 0.075 0.19921875
1 0.2828125 0.3734375 0.06484375 0.203125
1 0.1546875 0.3828125 0.0671875 0.1921875
1 0.034375 0.3921875 0.06328125 0.1921875
1 0.05078125 0.146875 0.06484375 0.1828125
1 0.28984375 0.115625 0.0609375 0.16015625
1 0.1734375 0.1203125 0.05 0.13984375
1 0.56484375 0.1 0.0703125 0.18828125
1 0.71484375 0.078125 0.07265625 0.14921875
1 0.86875 0.06640625 0.08203125 0.13203125
