1 0.70546875 0.41796875 0.07890625 0.24375
1 0.81015625 0.415625 0.090625 0.23828125
1 0.95703125 0.40703125 0.08359375 0.2328125
1 0.96875 0.70546875 0.0609375 0.16015625
1 0.825 0.709375 0.084375 0.16796875
1 0.7140625 0.7125 0.08359375 0.165625
1 0.79453125 0.1359375 0.07890625 0.14140625
1 0.9453125 0.1328125 0.08515625 0.146875
1 0.6984375 0.13515625 0.071875 0.146875
1 0.55078125 0.14140625 0.0734375 0.1453125
1 0.45 0.1421875 0.071875 0.1546875
1 0.3078125 0.14453125 0.0640625 0.146875
1 0.21171875 0.14609375 0.06875 0.1546875
1 0.3015625 0.4234375 0.0734375 0.23671875
1 0.20078125 0.4203125 0.0703125 0.24375
1 0.29453125 0.71171875 0.078125 0.16015625
1 0.184375 0.715625 0.08203125 0.15859375
