1 0.47578125 0.1703125 0.06640625 0.1921875
1 0.6609375 0.20859375 0.06171875 0.16796875
1 0.77109375 0.20703125 0.05859375 0.16015625
1 0.8828125 0.20234375 0.06328125 0.16171875
1 0.89609375 0.4234375 0.06953125 0.18046875
1 0.7828125 0.42421875 0.0671875 0.19375
1 0.6609375 0.4265625 0.075 0.1859375
1 0.475 0.3890625 0.071875 0.15234375
1 0.33828125 0.16640625 0.06484375 0.19921875
1 0.33515625 0.39375 0.078125 0.146875
1 0.19921875 0.4015625 0.07578125 0.13984375
1 0.20703125 0.175 0.06953125 0.2125
1 0.06640625 0.1890625 0.07578125 0.19921875
1 0.05703125 0.40625 0.07578125 0.14921875
