1 0.52890625 0.4 0.0578125 0.15234375
1 0.665625 0.4015625 0.0578125 0.16171875
1 0.78203125 0.4109375 0.05546875 0.15078125
1 0.909375 0.40703125 0.0640625 0.15078125
1 0.89921875 0.19296875 0.0703125 0.165625
1 0.775 0.1875 0.0671875 0.18046875
1 0.6609375 0.1859375 0.06640625 0.1828125
1 0.52421875 0.17109375 0.06875 0.15625
1 0.38046875 0.14921875 0.05546875 0.1453125
1 0.38125 0.37578125 0.0578125 0.1453125
1 0.29609375 0.3734375 0.0609375 0.16171875
1 0.20859375 0.3796875 0.05859375 0.15234375
1 0.11875 0.37890625 0.05625 0.1546875
1 0.03046875 0.378125 0.0546875 0.15234375
1 0.03828125 0.14765625 0.0578125 0.13984375
1 0.125 0.14921875 0.06171875 0.15234375
1 0.2140625 0.1515625 0.06171875 0.15078125
