1 0.67890625 0.1609375 0.078125 0.23984375
1 0.80078125 0.18984375 0.071875 0.22734375
1 0.93984375 0.18125 0.06484375 0.184375
1 0.95546875 0.421875 0.071875 0.1953125
1 0.80859375 0.45234375 0.06875 0.16015625
1 0.68203125 0.4359375 0.07578125 0.17890625
1 0.50546875 0.13671875 0.08515625 0.25546875
1 0.31640625 0.12421875 0.08515625 0.24765625
1 0.31328125 0.4125 0.07578125 0.18828125
1 0.30859375 0.67890625 0.08125 0.24375
1 0.14921875 0.11796875 0.1015625 0.2359375
1 0.1359375 0.40625 0.0984375 0.20078125
1 0.12421875 0.68046875 0.0984375 0.2625
