1 0.51640625 0.3671875 0.0734375 0.19765625
1 0.6609375 0.36484375 0.075 0.2046875
1 0.7984375 0.37265625 0.07265625 0.2046875
1 0.93671875 0.36953125 0.07265625 0.203125
1 0.91953125 0.1015625 0.071875 0.1765625
1 0.7796875 0.10234375 0.0703125 0.175
1 0.653125 0.09609375 0.0671875 0.1765625
1 0.5140625 0.10546875 0.0765625 0.1953125
1 0.37265625 0.103125 0.0765625 0.203125
1 0.36875 0.36484375 0.0765625 0.20078125
1 0.1609375 0.37265625 0.08984375 0.25703125
1 0.1765625 0.096875 0.0890625 0.19375
1 0.0578125 0.0890625 0.08125 0.178125
1 0.04140625 0.37578125 0.0703125 0.2421875
