1 0.7203125 0.2796875 0.06328125 0.2609375
1 0.8828125 0.2796875 0.0734375 0.2609375
1 0.9703125 0.27578125 0.05625 0.26796875
1 0.634375 0.27578125 0.0671875 0.24609375
1 0.4375 0.40625 0.05625 0.20078125
1 0.3671875 0.409375 0.05859375 0.2046875
1 0.44140625 0.17421875 0.0578125 0.184375
1 0.50859375 0.171875 0.0578125 0.18828125
1 0.371875 0.175 0.06015625 0.19765625
1 0.2359375 0.10078125 0.06328125 0.19375
1 0.22578125 0.3671875 0.06328125 0.21953125
1 0.16796875 0.36328125 0.06015625 0.2125
1 0.18203125 0.1015625 0.05234375 0.1953125
1 0.04453125 0.0953125 0.06640625 0.18984375
1 0.046875 0.36015625 0.0640625 0.21015625
