1 0.64296875 0.18046875 0.06875 0.18984375
1 0.7546875 0.17890625 0.05625 0.175
1 0.86015625 0.17109375 0.0703125 0.175
1 0.9671875 0.175 0.0640625 0.17890625
1 0.9734375 0.41171875 0.05 0.16015625
1 0.86875 0.4125 0.06875 0.1546875
1 0.75859375 0.40625 0.0703125 0.14921875
1 0.52578125 0.1796875 0.06640625 0.1765625
1 0.41328125 0.18046875 0.06953125 0.1859375
1 0.29921875 0.18046875 0.06875 0.17109375
1 0.29296875 0.41171875 0.071875 0.17109375
1 0.171875 0.41328125 0.1453125 0.16796875
1 0.0484375 0.41328125 0.07890625 0.16796875
1 0.18125 0.184375 0.06484375 0.1828125
1 0.06171875 0.1953125 0.0765625 0.2046875
1 0.46875 0.41640625 0.22578125 0.203125
1 0.64453125 0.403125 0.06875 0.16953125
