1 0.16625 0.7195830000000001 0.037500000000000006 0.057499999999999996
1 0.1828125 0.6525 0.02687500000000001 0.036665999999999976
1 0.2265625 0.6291665000000001 0.019374999999999976 0.028333000000000053
1 0.24875000000000003 0.6170835 0.016250000000000014 0.030833
1 0.2725 0.6591665 0.04625000000000001 0.06333300000000008
1 0.2734375 0.5970835 0.016874999999999973 0.025832999999999995
1 0.2965625 0.5804165 0.016874999999999973 0.029166999999999943
1 0.3284375 0.56625 0.015625 0.03249999999999997
1 0.35624999999999996 0.82875 0.03999999999999998 0.08250000000000002
1 0.35343749999999996 0.54875 0.019374999999999976 0.029166000000000025
1 0.3990625 0.5154165 0.02562500000000001 0.044166999999999956
1 0.445 0.6604165 0.02749999999999997 0.07916699999999999
1 0.4534375 0.603333 0.02562500000000001 0.08000000000000007
1 0.44906250000000003 0.5208335000000001 0.014374999999999971 0.04166700000000001
1 0.4671875 0.5429165 0.009374999999999967 0.030833
1 0.48531250000000004 0.7120835 0.026875000000000038 0.07583300000000004
1 0.4921875 0.657917 0.030624999999999958 0.07750000000000001
1 0.485 0.56875 0.00874999999999998 0.03416600000000003
1 0.5021875 0.6 0.016874999999999973 0.03833399999999998
1 0.521875 0.7608335 0.028750000000000053 0.088333
1 0.5253125000000001 0.7075 0.024374999999999925 0.08499999999999996
1 0.52 0.6291665000000001 0.006249999999999978 0.03833300000000006
1 0.5340625 0.64875 0.01187500000000008 0.03583400000000003
1 0.573125 0.8379165 0.03249999999999997 0.07916699999999999
1 0.5762499999999999 0.9245835000000001 0.03375000000000006 0.07083299999999992
1 0.578125 0.7583335 0.013749999999999929 0.04833299999999996
1 0.5996874999999999 0.6775000000000001 0.02312499999999995 0.058334
1 0.6053124999999999 0.7366665 0.021874999999999978 0.05666700000000002
1 0.6071875 0.81 0.020625000000000004 0.06500000000000006
1 0.6121875000000001 0.971667 0.020625000000000004 0.05500000000000005
1 0.6140625 0.8925000000000001 0.021874999999999978 0.061666
1 0.6296875 0.72375 0.021874999999999978 0.0625
1 0.6371875 0.7875000000000001 0.020625000000000004 0.058334
1 0.6415625 0.9325 0.021874999999999978 0.05499999999999994
1 0.6409374999999999 0.8616670000000001 0.018125000000000058 0.05500000000000005
1 0.6556249999999999 0.7679165000000001 0.025000000000000022 0.060832999999999915
1 0.6615625 0.8295835 0.018125000000000058 0.035833000000000004
1 0.6659375 0.9024999999999999 0.016874999999999973 0.05333399999999999
1 0.6715625 0.974167 0.015625 0.050000000000000044
1 0.6815625 0.8108334999999999 0.014375000000000027 0.053333000000000075
1 0.6865625 0.8716664999999999 0.01937500000000003 0.04833299999999996
1 0.6890625 0.9383330000000001 0.014375000000000027 0.050000000000000044
1 0.6978125 0.781667 0.020625000000000004 0.040000000000000036
1 0.7053125 0.8487499999999999 0.02562500000000001 0.054165999999999936
1 0.711875 0.9133334999999999 0.02375000000000005 0.05166700000000002
1 0.7171875 0.7824999999999999 0.015625 0.05166599999999999
1 0.7253125 0.84 0.01937500000000003 0.056665999999999994
1 0.7324999999999999 0.8995835 0.026249999999999996 0.05916699999999997
1 0.733125 0.76625 0.01375000000000004 0.03583399999999992
1 0.7403124999999999 0.9650000000000002 0.02312499999999995 0.068334
1 0.7434375 0.81875 0.014375000000000027 0.030834000000000028
1 0.7459374999999999 0.7575 0.011874999999999969 0.033334000000000086
1 0.7553125 0.8045835 0.016875000000000084 0.03416700000000006
1 0.7646875 0.7858335 0.010624999999999996 0.031667
1 0.7784375 0.9741664999999999 0.014375000000000027 0.046667000000000014
1 0.7815624999999999 0.7600000000000001 0.008125000000000049 0.03166599999999997
1 0.7859375 0.7954165000000001 0.011874999999999969 0.029167000000000054
1 0.7953125000000001 0.787083 0.011874999999999969 0.022499999999999964
