1 0.6828125 0.12734375 0.071875 0.2546875
1 0.81171875 0.1203125 0.0890625 0.23984375
1 0.825 0.428125 0.0890625 0.1453125
1 0.84140625 0.659375 0.08671875 0.23125
1 0.7046875 0.6609375 0.078125 0.22734375
1 0.69140625 0.42265625 0.0671875 0.1453125
1 0.96328125 0.4671875 0.071875 0.20078125
1 0.95234375 0.1515625 0.09296875 0.2921875
1 0.49609375 0.1296875 0.07890625 0.24765625
1 0.309375 0.1296875 0.0890625 0.25546875
1 0.303125 0.43203125 0.06875 0.13046875
1 0.30546875 0.6703125 0.06875 0.215625
1 0.171875 0.4421875 0.0703125 0.1546875
1 0.03203125 0.44375 0.0640625 0.1546875
1 0.0421875 0.1515625 0.078125 0.2921875
1 0.178125 0.14453125 0.078125 0.27734375
