1 0.65390625 0.15078125 0.08359375 0.29765625
1 0.78046875 0.15234375 0.1015625 0.3046875
1 0.9125 0.1515625 0.096875 0.303125
1 0.5171875 0.14921875 0.0875 0.290625
1 0.3828125 0.15 0.07578125 0.3
1 0.18125 0.353125 0.0875 0.28515625
1 0.1953125 0.0828125 0.08984375 0.165625
1 0.38359375 0.446875 0.0703125 0.1640625
1 0.37890625 0.69296875 0.078125 0.21953125
1 0.51796875 0.446875 0.08203125 0.16796875
1 0.65625 0.5078125 0.0890625 0.18046875
1 0.7875 0.440625 0.0515625 0.14375
1 0.7984375 0.6921875 0.0671875 0.18828125
