1 0.06624999999999999 0.6446875000000001 0.059166 0.03937500000000005
1 0.06874999999999999 0.5834375 0.059166 0.03937500000000005
1 0.0729165 0.52375 0.05916699999999999 0.04125000000000001
1 0.06166649999999999 0.7028125000000001 0.031667 0.03937500000000005
1 0.0654165 0.463125 0.034167 0.02749999999999997
1 0.0691665 0.4078125 0.03166700000000001 0.021875000000000033
1 0.12791699999999998 0.7028125000000001 0.027499999999999983 0.03562499999999991
1 0.13125 0.6428125 0.029165999999999984 0.03937499999999994
1 0.13375 0.5846875 0.03416599999999999 0.03937500000000005
1 0.13541649999999997 0.46562499999999996 0.034167 0.02250000000000002
1 0.135833 0.528125 0.03 0.036250000000000004
1 0.1433335 0.4109375 0.04333300000000001 0.02562500000000001
1 0.19958299999999998 0.7037500000000001 0.05250000000000002 0.03749999999999998
1 0.2070835 0.4759375 0.034167 0.03562500000000002
1 0.20666700000000002 0.42218750000000005 0.03 0.03437499999999999
