1 0.4134375 0.6683915 0.014375000000000027 0.05174100000000004
1 0.425 0.5493885000000001 0.016249999999999987 0.05456300000000002
1 0.4353125 0.667921 0.011874999999999969 0.06020599999999998
1 0.44875 0.5428035 0.015000000000000013 0.05268099999999998
1 0.450625 0.6669805000000001 0.01375000000000004 0.05832499999999995
1 0.4640625 0.5380999999999999 0.010624999999999996 0.06208800000000003
1 0.47625 0.667921 0.01375000000000004 0.06397000000000008
1 0.6615625 0.529633 0.03437499999999993 0.06396999999999997
1 0.6603125 0.6636875 0.024375000000000036 0.05550300000000008
1 0.7165625 0.5352775 0.023125000000000062 0.05832500000000007
1 0.7165625 0.6665099999999999 0.023125000000000062 0.06114800000000009
1 0.7515624999999999 0.5380995000000001 0.021874999999999978 0.06020700000000002
1 0.7528125 0.667921 0.02187500000000009 0.05644399999999994
1 0.7865625 0.5390404999999999 0.021874999999999978 0.05832499999999995
1 0.7871874999999999 0.6669805000000001 0.02312499999999995 0.05456300000000002
1 0.8384375 0.667921 0.025624999999999898 0.05644399999999994
1 0.8384375 0.540922 0.020625000000000004 0.05832599999999999
1 0.910625 0.6077140000000001 0.013749999999999929 0.08466600000000002
1 0.9434374999999999 0.6072435 0.018125000000000058 0.09313300000000002
