1 0.0415625 0.92875 0.023125 0.05916599999999994
1 0.0515625 0.8683335 0.023125 0.04166700000000001
1 0.31281250000000005 0.7712499999999999 0.013124999999999998 0.07416599999999995
1 0.3296875 0.5354165 0.02562500000000001 0.11583300000000002
1 0.3396875 0.357083 0.020625000000000004 0.1275
1 0.35906249999999995 0.9095835 0.013124999999999998 0.12416699999999992
1 0.3615625 0.7441665000000001 0.018125000000000002 0.10333300000000001
1 0.3915625 0.4695835 0.06187500000000001 0.1808330000000001
1 0.3778125 0.9125 0.01937500000000003 0.12166600000000005
1 0.3990625 0.23583300000000004 0.05687500000000001 0.27
1 0.3878125 0.7383329999999999 0.018125000000000002 0.10499999999999998
1 0.4078125 0.73 0.014374999999999971 0.10833399999999993
1 0.47375 0.39416650000000003 0.04249999999999998 0.20166699999999996
1 0.47687500000000005 0.1295835 0.04375000000000001 0.259167
1 0.903125 0.06583300000000002 0.03125 0.10000000000000002
