1 0.047812499999999994 0.31179799999999996 0.088125 0.44756599999999996
1 0.15625 0.375 0.04625000000000001 0.34550600000000004
1 0.27531249999999996 0.4176025000000001 0.09187499999999998 0.400749
1 0.28 0.0814605 0.04999999999999999 0.162921
1 0.3765625 0.4573975 0.06937500000000002 0.349251
1 0.36625 0.12125449999999999 0.04625000000000001 0.18071099999999998
1 0.4534375 0.48595499999999997 0.06687500000000002 0.325842
1 0.44375 0.1718165 0.034999999999999976 0.18632900000000002
1 0.540625 0.5374535 0.05125000000000002 0.30337099999999995
1 0.6275 0.5674160000000001 0.04625000000000001 0.25093600000000005
1 0.72 0.42930700000000005 0.09499999999999997 0.18633000000000005
1 0.721875 0.6853935 0.09124999999999994 0.23033700000000001
1 0.8084374999999999 0.6755615 0.03312499999999996 0.20692900000000003
1 0.8084374999999999 0.46207899999999996 0.020625000000000004 0.12453199999999996
1 0.8215625 0.922753 0.02937500000000004 0.15262199999999992
1 0.8525 0.4854865 0.018749999999999933 0.11142299999999992
1 0.8646875 0.9236895 0.03312499999999996 0.1507489999999999
1 0.8978125 0.693352 0.028124999999999956 0.17696599999999996
1 0.8965624999999999 0.5051495 0.02312499999999995 0.11142300000000005
1 0.9125 0.922753 0.04249999999999998 0.15262199999999992
1 0.9465625 0.5201309999999999 0.02562500000000001 0.115168
