1 0.22999999999999998 0.42959450000000005 0.046665999999999985 0.14797100000000002
1 0.15 0.403341 0.086666 0.21002400000000004
1 0.153333 0.1742245 0.08 0.18615700000000002
1 0.24083349999999998 0.680191 0.061667 0.210024
1 0.24833349999999998 0.21002350000000003 0.07666700000000001 0.17661100000000002
1 0.33 0.45107400000000003 0.07333400000000001 0.19093
1 0.32666649999999997 0.692124 0.05333300000000002 0.20525000000000004
1 0.3358335 0.24105049999999997 0.06833299999999998 0.162291
1 0.4116665 0.46897349999999993 0.06333299999999997 0.183771
1 0.408333 0.695704 0.050000000000000044 0.18377
1 0.41916699999999996 0.27327 0.065 0.174224
1 0.485 0.706444 0.063334 0.195704
1 0.48583350000000003 0.491647 0.06166699999999997 0.18138400000000005
1 0.488333 0.297136 0.06000000000000005 0.155132
1 0.5558335 0.5 0.05833299999999997 0.174224
1 0.555 0.7124105 0.05333399999999999 0.183771
1 0.555833 0.323389 0.05499999999999994 0.150358
1 0.6166665 0.341289 0.046667000000000014 0.143198
1 0.618333 0.5536995 0.050000000000000044 0.22911700000000002
1 0.6733335 0.5656325 0.053332999999999964 0.22911700000000002
1 0.6766665000000001 0.36396199999999995 0.0466669999999999 0.136038
1 0.7291665 0.572792 0.04833300000000007 0.210024
1 0.726667 0.383055 0.039999999999999925 0.136038
1 0.7825 0.35918849999999997 0.03833399999999998 0.13603899999999997
1 0.786667 0.491647 0.040000000000000036 0.133652
1 0.8283335000000001 0.3818615 0.036666999999999894 0.12887900000000002
1 0.8291665 0.5095465 0.03833299999999995 0.11694500000000008
1 0.8725 0.39260150000000005 0.04166600000000009 0.12171900000000001
1 0.873333 0.526253 0.040000000000000036 0.12171799999999999
