1 0.3034375 0.40098999999999996 0.029374999999999984 0.12623800000000002
1 0.330625 0.398515 0.006249999999999978 0.13118799999999997
1 0.3771875 0.339109 0.02562500000000001 0.133664
1 0.3840625 0.5773515 0.021875000000000033 0.16460300000000005
1 0.3996875 0.341584 0.019374999999999976 0.13861400000000001
1 0.4365625 0.34282149999999995 0.03187499999999999 0.11633700000000002
1 0.44843750000000004 0.58849 0.03812500000000002 0.179456
1 0.4721875 0.33663350000000003 0.02562500000000001 0.11386100000000005
1 0.724375 0.6386135000000001 0.06125000000000003 0.12871299999999997
1 0.8128124999999999 0.362005 0.02312499999999995 0.04826800000000003
1 0.8559375 0.362005 0.03187499999999999 0.05321799999999999
