1 0.0821875 0.7066665 0.019375000000000003 0.07166700000000004
1 0.0809375 0.5654165000000001 0.010624999999999996 0.07416699999999998
1 0.1140625 0.72625 0.018125000000000002 0.0675
1 0.253125 0.6991665 0.009999999999999981 0.016666999999999987
1 0.2646875 0.7016669999999999 0.010624999999999996 0.015000000000000013
1 0.283125 0.732917 0.011249999999999982 0.01749999999999996
1 0.28312499999999996 0.7008329999999999 0.00874999999999998 0.015000000000000013
1 0.31718749999999996 0.6729165 0.013124999999999998 0.02416700000000005
1 0.318125 0.7329165 0.008750000000000036 0.02083299999999999
1 0.33875 0.7320835 0.011249999999999982 0.02416700000000005
1 0.3503125 0.73375 0.014374999999999971 0.02083400000000002
1 0.3665625 0.7320835 0.013124999999999998 0.02416700000000005
1 0.8784375 0.804583 0.24187500000000006 0.2825000000000001
