1 0.054614 0.3959375 0.09792800000000002 0.02937500000000004
1 0.089454 0.3140625 0.090396 0.02562500000000001
1 0.1426555 0.5271875 0.130885 0.03562500000000002
1 0.121469 0.243125 0.08286199999999999 0.023749999999999993
1 0.160546 0.475 0.123352 0.03750000000000003
1 0.1718455 0.42593749999999997 0.12523499999999999 0.030624999999999958
1 0.1822035 0.3796875 0.121469 0.030625000000000013
1 0.20009449999999998 0.3384375 0.115819 0.034375000000000044
1 0.19020750000000003 0.299375 0.05649700000000002 0.025000000000000022
1 0.227401 0.259375 0.10263599999999999 0.0325
1 0.235876 0.23093750000000002 0.09510400000000002 0.02687500000000001
1 0.250471 0.2003125 0.09792800000000002 0.03437499999999999
1 0.25941649999999994 0.166875 0.10075299999999998 0.027499999999999997
1 0.2655365 0.143125 0.092279 0.027499999999999997
1 0.2735405 0.1184375 0.09698699999999998 0.02562500000000001
1 0.2853105 0.0909375 0.09039500000000003 0.025624999999999995
1 0.29001899999999997 0.07125 0.08474600000000002 0.031249999999999993
1 0.29708100000000004 0.049062499999999995 0.08756999999999998 0.026875000000000003
1 0.3032015 0.0278125 0.07909699999999997 0.025625000000000002
