1 0.836875 0.3114445 0.04125000000000001 0.07317099999999999
1 0.856875 0.44652949999999997 0.04250000000000009 0.07692300000000002
1 0.879375 0.594278 0.04125000000000001 0.08536600000000005
1 0.901875 0.748124 0.04249999999999998 0.08536600000000005
1 0.9003125 0.328799 0.03687499999999999 0.06847999999999999
1 0.923125 0.9094745 0.05125000000000002 0.09099500000000005
1 0.9221875 0.468105 0.03687499999999999 0.07129399999999997
1 0.9453125 0.6135085 0.03937499999999994 0.08067500000000005
1 0.961875 0.348968 0.03500000000000003 0.07129399999999997
1 0.9690624999999999 0.763602 0.04062500000000002 0.08442799999999995
1 0.9828125000000001 0.487805 0.03312499999999996 0.08255200000000001
