1 0.105625 0.36541700000000005 0.21125 0.1725
1 0.1075 0.0816665 0.215 0.161667
1 0.1109375 0.722083 0.221875 0.1825
1 0.476875 0.1891665 0.07874999999999999 0.13333299999999998
1 0.4871875 0.41875 0.08437500000000003 0.134166
1 0.4921875 0.67625 0.09312499999999996 0.14916600000000002
1 0.7975 0.30875 0.04125000000000001 0.08583400000000002
1 0.8153125 0.47041700000000003 0.04812499999999997 0.07249999999999995
1 0.83 0.647083 0.04125000000000001 0.08750000000000002
1 0.9109375 0.3554165 0.05062500000000003 0.06583299999999997
1 0.925 0.49125 0.06375000000000008 0.069166
1 0.9384375 0.6350000000000001 0.05937500000000007 0.050000000000000044
