1 0.0341665 0.685 0.016667000000000005 0.032500000000000084
1 0.042083 0.6384375 0.022500000000000003 0.02562500000000001
1 0.23374999999999999 0.3821875 0.12749999999999997 0.07687500000000003
1 0.2970835 0.55 0.04083300000000001 0.07374999999999998
1 0.337083 0.391875 0.057499999999999996 0.07500000000000001
1 0.3441665 0.2653125 0.05666700000000002 0.05812500000000001
1 0.35874999999999996 0.5431250000000001 0.05416599999999999 0.06999999999999995
1 0.40625 0.39531249999999996 0.05916600000000005 0.075625
1 0.40666699999999995 0.273125 0.05500000000000005 0.06375
1 0.4116665 0.161875 0.05666700000000002 0.05000000000000002
1 0.419167 0.5525 0.030000000000000027 0.07499999999999996
1 0.46958300000000003 0.2759375 0.05250000000000005 0.05812499999999998
1 0.4704165 0.56875 0.05416700000000002 0.07000000000000006
1 0.4725 0.40125 0.05499999999999999 0.07374999999999998
1 0.5208335000000001 0.723125 0.06166700000000003 0.08999999999999997
1 0.6024999999999999 0.37812500000000004 0.05999999999999994 0.10625000000000001
1 0.7975 0.1128125 0.07499999999999996 0.193125
1 0.8520835 0.35343749999999996 0.089167 0.21687499999999998
1 0.9245834999999999 0.2646875 0.12083299999999997 0.240625
