1 0.2392575 0.633236 0.015625 0.04245999999999994
1 0.2407225 0.5424595 0.018554999999999988 0.03953099999999998
1 0.4228515 0.6954615 0.01757900000000001 0.08199100000000004
1 0.5112305 0.32210849999999996 0.036133000000000026 0.08199099999999998
1 0.5253905000000001 0.4846269999999999 0.029297000000000017 0.09077600000000002
1 0.556152 0.355051 0.006836000000000064 0.06881400000000004
1 0.5771485000000001 0.35651550000000004 0.007812999999999959 0.07759900000000003
1 0.5986325 0.422401 0.015625 0.09516799999999997
1 0.6137695000000001 0.4245975 0.014649000000000023 0.10248900000000001
1 0.635742 0.421669 0.013672000000000017 0.10541800000000001
1 0.6752925000000001 0.36603250000000004 0.022460999999999953 0.12298700000000001
1 0.71875 0.36163999999999996 0.02343800000000007 0.1347
1 0.765137 0.366764 0.024414000000000047 0.139092
1 0.89209 0.546852 0.05566400000000005 0.15373400000000004
1 0.9453125 0.26354299999999997 0.08789099999999994 0.13177200000000003
