1 0.0421875 0.63227 0.050625 0.10881800000000008
1 0.3125 0.628987 0.04874999999999996 0.10787999999999998
1 0.4925 0.6566605 0.04749999999999999 0.099437
1 0.49375 0.37101300000000004 0.044999999999999984 0.113508
1 0.494375 0.5680115 0.04125000000000001 0.0347090000000001
1 0.599375 0.367261 0.04625000000000001 0.113508
1 0.7065625 0.366323 0.046875 0.10787999999999998
1 0.7106250000000001 0.564259 0.04749999999999999 0.038461999999999996
1 0.711875 0.6557225 0.04999999999999993 0.097561
1 0.9421875 0.652908 0.0068750000000000755 0.020638000000000045
1 0.95625 0.654784 0.003750000000000031 0.016885999999999957
1 0.9703125 0.6519699999999999 0.004375000000000018 0.022514000000000034
