1 0.9259999999999999 0.3466665 0.06399999999999995 0.157333
1 0.2175 0.964 0.025000000000000022 0.05066599999999999
1 0.22849999999999998 0.8926664999999999 0.02099999999999999 0.04933299999999996
1 0.244 0.8233334999999999 0.023999999999999994 0.04933299999999996
1 0.246 0.9686664999999999 0.020000000000000018 0.05466700000000002
1 0.254 0.754667 0.02200000000000002 0.040000000000000036
1 0.255 0.8946665 0.018000000000000016 0.05066700000000002
1 0.2635 0.6940000000000001 0.02300000000000002 0.03866599999999998
1 0.2665 0.827333 0.02100000000000002 0.052000000000000046
1 0.27749999999999997 0.7606665 0.020999999999999963 0.04933299999999996
1 0.276 0.630667 0.01599999999999996 0.03200000000000003
1 0.28800000000000003 0.6960000000000001 0.019999999999999962 0.045333999999999985
1 0.2935 0.9106664999999999 0.030999999999999972 0.058666999999999914
1 0.2965 0.635333 0.017000000000000015 0.04399999999999993
1 0.296 0.5306665 0.01200000000000001 0.034667
1 0.3075 0.8393335 0.029000000000000026 0.04933299999999996
1 0.3155 0.7726664999999998 0.029000000000000026 0.04933299999999996
1 0.3125 0.534 0.01100000000000001 0.028000000000000025
1 0.324 0.7120000000000001 0.028000000000000025 0.045333999999999985
1 0.3415 0.7866665 0.030999999999999972 0.05066700000000002
1 0.33799999999999997 0.654 0.01799999999999996 0.033333999999999975
1 0.34950000000000003 0.726 0.02899999999999997 0.04933399999999999
1 0.347 0.5466665 0.01599999999999996 0.03466699999999989
1 0.35550000000000004 0.662 0.024999999999999967 0.03866599999999998
1 0.357 0.6033334999999999 0.02200000000000002 0.03866700000000001
1 0.362 0.5519999999999999 0.020000000000000018 0.034665999999999975
1 0.374 0.5599999999999999 0.020000000000000018 0.039999999999999925
1 0.388 0.7399999999999999 0.026000000000000023 0.045333999999999985
1 0.394 0.678667 0.02400000000000002 0.040000000000000036
1 0.401 0.6213335 0.013999999999999957 0.03733300000000006
1 0.4115 0.7473334999999999 0.030999999999999972 0.046667000000000014
1 0.40349999999999997 0.5773335 0.012999999999999956 0.03733299999999995
1 0.4135 0.6866665 0.022999999999999965 0.034667
1 0.4145 0.6286665 0.020999999999999963 0.03866700000000001
1 0.4175 0.5786665000000001 0.015000000000000013 0.03733299999999995
1 0.4525 0.7046665 0.02100000000000002 0.03866700000000001
1 0.4565 0.644667 0.013000000000000012 0.028000000000000025
1 0.46 0.6006665 0.008000000000000007 0.03333300000000006
1 0.471 0.6526664999999999 0.011999999999999955 0.033332999999999946
1 0.47350000000000003 0.6053335000000001 0.010999999999999954 0.03733299999999995
1 0.685 0.31666649999999996 0.025999999999999912 0.07066699999999998
1 0.6925 0.428 0.02499999999999991 0.08533400000000002
1 0.6985 0.5519999999999999 0.030999999999999917 0.11199999999999999
1 0.7055 0.702 0.04299999999999993 0.132
1 0.7184999999999999 0.27599999999999997 0.029000000000000026 0.07733399999999999
1 0.7275 0.39066649999999997 0.029000000000000026 0.10133299999999995
1 0.735 0.52 0.030000000000000027 0.10933400000000004
1 0.746 0.6713334999999999 0.040000000000000036 0.13733300000000004
1 0.749 0.238 0.030000000000000027 0.07866599999999999
1 0.761 0.35200000000000004 0.03200000000000003 0.10133399999999998
1 0.7705 0.481333 0.03700000000000003 0.11199999999999993
1 0.7889999999999999 0.6353334999999999 0.04999999999999993 0.1426670000000001
1 0.786 0.19733299999999998 0.030000000000000027 0.07999999999999999
1 0.798 0.318 0.03799999999999992 0.08133400000000002
1 0.8160000000000001 0.44733300000000004 0.04999999999999993 0.14000000000000007
1 0.8295 0.604 0.050999999999999934 0.15466599999999997
1 0.8885000000000001 0.2213335 0.09100000000000008 0.15466700000000003
