1 0.1246875 0.12547 0.04187500000000001 0.100564
1 0.1265625 0.319079 0.04312500000000001 0.109962
1 0.2046875 0.151316 0.033125000000000016 0.097744
1 0.2059375 0.3345865 0.03562500000000002 0.10150300000000002
1 0.2784375 0.348684 0.026874999999999982 0.07706800000000003
1 0.2796875 0.1748125 0.026875000000000038 0.09398500000000001
1 0.34781249999999997 0.18703000000000003 0.029374999999999984 0.084586
1 0.3484375 0.35291350000000005 0.030625000000000013 0.089285
1 0.4084375 0.0601505 0.030625000000000013 0.092105
1 0.4065625 0.20441750000000003 0.024375000000000036 0.09304499999999999
1 0.4659375 0.08176699999999999 0.028124999999999956 0.082706
1 0.4746875 0.21804549999999998 0.03187499999999999 0.069549
1 0.4771875 0.37593999999999994 0.019374999999999976 0.08834600000000004
