1 0.8385414999999999 0.539844 0.08541699999999997 0.12031199999999997
1 0.061458500000000006 0.4164065 0.022916999999999993 0.035937
1 0.1197915 0.384375 0.022917000000000007 0.0625
1 0.136458 0.535156 0.03125 0.09531200000000001
1 0.19062500000000002 0.5281255 0.04374999999999998 0.09687500000000004
1 0.3520835 0.5312494999999999 0.04583300000000001 0.09687499999999993
1 0.39270849999999996 0.3796875 0.03958299999999998 0.07187500000000002
1 0.440625 0.5359375 0.05208400000000002 0.09687499999999999
1 0.525 0.3921875 0.029166000000000025 0.08125100000000002
1 0.529167 0.5359375 0.025000000000000022 0.08749899999999994
1 0.6010415 0.3921875 0.022917000000000076 0.08125100000000002
1 0.6354165 0.39453150000000003 0.033332999999999946 0.07656299999999999
1 0.8010419999999999 0.5382815000000001 0.043749999999999956 0.08593700000000004
1 0.8156249999999999 0.399219 0.03958399999999995 0.06718800000000003
