1 0.311676 0.6440625 0.06591400000000003 0.046875
1 0.130885 0.43125 0.035781999999999994 0.05124999999999996
1 0.17890799999999998 0.53375 0.04896399999999999 0.08875
1 0.185028 0.33125 0.04049 0.03249999999999997
1 0.18220350000000002 0.653125 0.031072999999999986 0.03749999999999998
1 0.187853 0.413125 0.03107399999999999 0.08374999999999999
1 0.3135595 0.41812499999999997 0.041430999999999996 0.09749999999999998
1 0.3163845 0.5371874999999999 0.041430999999999996 0.09562499999999996
1 0.43314500000000006 0.615625 0.043313999999999964 0.10250000000000004
1 0.433616 0.36343749999999997 0.03860600000000003 0.080625
1 0.433616 0.48812500000000003 0.03860600000000003 0.08749999999999997
1 0.5555555 0.3565625 0.041430999999999996 0.06687500000000002
1 0.5579095000000001 0.48843749999999997 0.04613900000000004 0.09062499999999996
1 0.5616760000000001 0.595 0.03860600000000003 0.04500000000000004
