1 0.049687499999999996 0.6414185 0.010625000000000002 0.10770499999999994
1 0.07718749999999999 0.644921 0.01937499999999999 0.10770599999999995
1 0.11249999999999999 0.6396675 0.0175 0.10420299999999993
1 0.20875 0.577496 0.05374999999999999 0.11295999999999995
1 0.37124999999999997 0.6282840000000001 0.04624999999999996 0.16900199999999999
1 0.5121875 0.614273 0.08187499999999998 0.20052599999999995
1 0.6365624999999999 0.6295975 0.06187500000000001 0.14535900000000002
1 0.72875 0.627846 0.053749999999999964 0.13134800000000002
1 0.8075 0.6313485 0.04499999999999993 0.12434299999999998
1 0.8934375 0.6112084999999999 0.03937499999999994 0.13485099999999994
