0 0.0859375 0.7063802083333333 0.072265625 0.22265625
1 0.0322265625 0.12044270833333333 0.056640625 0.10546875
1 0.12890625 0.11848958333333333 0.052734375 0.09895833333333333
1 0.30126953125 0.23828125 0.0888671875 0.1796875
1 0.46630859375 0.23893229166666666 0.0869140625 0.17578125
1 0.6318359375 0.240234375 0.091796875 0.18359375
1 0.80810546875 0.23307291666666666 0.0771484375 0.1796875
1 0.45654296875 0.509765625 0.0888671875 0.08463541666666666
1 0.1220703125 0.3079427083333333 0.05859375 0.09765625
1 0.029296875 0.310546875 0.0546875 0.09765625
0 0.908203125 0.6666666666666666 0.03515625 0.21354166666666666
