1 0.08249999999999999 0.3575 0.08666599999999998 0.17125
1 0.1266665 0.21406250000000002 0.061667 0.12687500000000002
1 0.17541700000000002 0.12437499999999999 0.07749999999999999 0.19249999999999998
1 0.2225 0.7206250000000001 0.03833399999999998 0.022500000000000075
1 0.2266665 0.6975 0.04333300000000001 0.02750000000000008
1 0.235 0.665 0.04500000000000001 0.020000000000000018
1 0.2370835 0.6443749999999999 0.035833000000000004 0.02375000000000005
1 0.27499999999999997 0.7221875 0.04333400000000004 0.02937499999999993
1 0.2791665 0.6675 0.04333300000000001 0.022499999999999964
1 0.2804165 0.6975 0.04583300000000001 0.02750000000000008
1 0.2804165 0.6443749999999999 0.04083300000000001 0.02375000000000005
1 0.320417 0.7215625 0.057499999999999996 0.034375000000000044
1 0.325 0.6965625 0.03833399999999998 0.021874999999999978
1 0.3270835 0.6709375 0.03916700000000001 0.02562500000000001
1 0.3308335 0.64625 0.036667000000000005 0.020000000000000018
1 0.6041665 0.396875 0.036667000000000005 0.03125
1 0.6016665 0.3625 0.026666999999999996 0.02749999999999997
1 0.605 0.445625 0.030000000000000027 0.03249999999999997
1 0.6075 0.494375 0.030000000000000027 0.03750000000000003
1 0.614167 0.5421875 0.030000000000000027 0.030625000000000013
1 0.62 0.5974999999999999 0.03166599999999997 0.036250000000000004
1 0.6208329999999999 0.653125 0.030000000000000027 0.04749999999999999
1 0.69125 0.413125 0.08416599999999996 0.036250000000000004
1 0.7029165 0.45499999999999996 0.07583299999999993 0.03375
1 0.7075 0.504375 0.08499999999999996 0.03749999999999998
1 0.7179169999999999 0.5515625 0.08250000000000002 0.03562500000000002
1 0.7254164999999998 0.6059375 0.08416699999999999 0.03562500000000002
1 0.7875 0.055937499999999994 0.07499999999999996 0.10062499999999999
1 0.7816670000000001 0.4190625 0.05499999999999994 0.038124999999999964
1 0.7804165 0.1440625 0.025832999999999995 0.04437500000000001
1 0.7904165 0.46687500000000004 0.04583300000000001 0.03375
1 0.7904165000000001 0.5096875 0.04083300000000001 0.03437499999999999
1 0.7999999999999999 0.2134375 0.036665999999999976 0.06312499999999999
1 0.8066665000000001 0.11125 0.013332999999999928 0.05124999999999999
1 0.82 0.28937500000000005 0.03166600000000008 0.07500000000000001
1 0.8191670000000001 0.17812499999999998 0.025000000000000022 0.06125
1 0.8374999999999999 0.3771875 0.03833399999999998 0.073125
1 0.8383335000000001 0.085 0.031667 0.060000000000000005
1 0.8479165000000001 0.254375 0.04083300000000001 0.07
1 0.86 0.15 0.043333999999999984 0.06
1 0.8591665 0.45999999999999996 0.036666999999999894 0.07124999999999998
1 0.8741665 0.34562499999999996 0.043332999999999955 0.07500000000000001
1 0.8841665000000001 0.2190625 0.023332999999999937 0.06812499999999999
1 0.8975 0.4428125 0.03166599999999997 0.07187500000000002
1 0.9416669999999999 0.0565625 0.11499999999999999 0.113125
1 0.9133329999999998 0.3140625 0.04999999999999993 0.06687499999999996
1 0.934167 0.4121875 0.050000000000000044 0.07187500000000002
