1 0.818011 0.562774 0.08005000000000007 0.14574200000000004
1 0.3627265 0.8577699999999999 0.04878099999999996 0.129938
1 0.4340215 0.8542579999999999 0.07254499999999997 0.12642600000000004
1 0.5 0.574627 0.043152000000000024 0.10623399999999994
1 0.528768 0.8516245 0.08817999999999998 0.12467099999999998
1 0.567855 0.5676034999999999 0.058786000000000005 0.11325700000000005
1 0.629456 0.8525020000000001 0.09443400000000002 0.129938
1 0.6419635 0.5658475000000001 0.07442100000000007 0.12028099999999999
1 0.7357724999999999 0.8542580000000001 0.08692899999999992 0.129938
1 0.7273295 0.570237 0.06253900000000001 0.11501399999999995
1 0.8439650000000001 0.855136 0.098186 0.14223000000000008
