1 0.22062500000000002 0.8519734999999998 0.009999999999999981 0.029135000000000022
1 0.3803125 0.8834585 0.009375000000000022 0.030074999999999963
1 0.42125 0.8369359999999999 0.011249999999999982 0.03477400000000008
1 0.46406250000000004 0.6292295 0.008124999999999993 0.019737000000000005
1 0.48531250000000004 0.6292295 0.009374999999999967 0.019737000000000005
1 0.4859375 0.5991545 0.008124999999999993 0.017857000000000012
1 0.5065625 0.9229325 0.02812500000000001 0.05263099999999998
1 0.5071875 0.8449245 0.024375000000000036 0.04511299999999996
1 0.5078125 0.5982145 0.010625000000000107 0.019737000000000005
1 0.52875 0.5972745 0.011250000000000093 0.021616999999999997
1 0.5478125 0.8486845 0.026874999999999982 0.05451100000000009
1 0.5465625000000001 0.920113 0.021874999999999978 0.046992000000000034
1 0.548125 0.5991540000000001 0.008750000000000036 0.02161599999999997
1 0.5725 0.5972745 0.008750000000000036 0.021616999999999997
1 0.5834375 0.9182330000000001 0.025624999999999898 0.05075200000000002
1 0.5853124999999999 0.8477445 0.021874999999999978 0.05639100000000008
1 0.5974999999999999 0.600094 0.007499999999999951 0.015978000000000048
1 0.6228125 0.8477445 0.02562500000000001 0.05639100000000008
1 0.6184375 0.600094 0.011874999999999969 0.02349599999999996
1 0.6246875000000001 0.914004 0.024374999999999925 0.03477399999999997
1 0.6403125000000001 0.601034 0.0068750000000000755 0.02537599999999995
1 0.6590625000000001 0.9219925000000001 0.020625000000000004 0.05075099999999999
1 0.6628125 0.8477445 0.02312499999999995 0.05639100000000008
1 0.8121875000000001 0.603853 0.016875000000000084 0.02349599999999996
1 0.811875 0.6348685 0.011249999999999982 0.023496999999999994
