1 0.0234375 0.5272525 0.031875 0.12235899999999994
1 0.027812500000000004 0.425473 0.028125000000000004 0.04338200000000003
1 0.0884375 0.51891 0.075625 0.10122399999999998
1 0.093125 0.428254 0.06875 0.03782000000000002
1 0.1078125 0.306452 0.024374999999999994 0.06340400000000002
1 0.14125 0.2958845 0.02125000000000002 0.08453900000000003
1 0.2040625 0.28698549999999995 0.03437499999999999 0.09788699999999997
1 0.27 0.2936595000000001 0.06124999999999997 0.10678500000000002
1 0.3375 0.521691 0.04750000000000004 0.140156
1 0.3725 0.340378 0.04125000000000001 0.09566200000000002
1 0.3921875 0.5239155 0.03187500000000004 0.11123499999999997
