1 0.410156 0.5328125 0.020311999999999997 0.059374999999999956
1 0.4164065 0.4343755 0.026563000000000003 0.07187499999999997
1 0.425 0.3343755 0.028125999999999984 0.05312499999999998
1 0.4312495 0.2640625 0.021874999999999978 0.05312500000000003
1 0.4359375 0.19609349999999998 0.021875000000000033 0.042187
1 0.4421875 0.09999949999999999 0.021874999999999978 0.04062500000000001
1 0.4421875 0.147656 0.012500999999999984 0.03281200000000001
1 0.4468755 0.0640625 0.015625 0.02500100000000001
1 0.48359399999999997 0.8937495 0.08906199999999997 0.12812500000000004
1 0.4515625 0.028124999999999997 0.018751000000000018 0.034376
1 0.489062 0.510156 0.0625 0.073438
1 0.48828150000000003 0.316406 0.054686999999999986 0.042188
1 0.48906249999999996 0.6703125 0.05624899999999994 0.09062499999999996
1 0.4890625 0.3999995 0.05312499999999998 0.07187500000000002
1 0.4914065 0.240625 0.05468700000000004 0.04999999999999999
1 0.491406 0.180469 0.05156199999999994 0.04531199999999999
1 0.49062500000000003 0.128125 0.04687600000000003 0.031249999999999986
1 0.492969 0.08749950000000001 0.04531200000000002 0.034375
1 0.491406 0.0453125 0.035938000000000025 0.028124999999999997
1 0.4921875 0.0125 0.034375000000000044 0.025
1 0.530469 0.0273435 0.014062000000000019 0.032812999999999995
1 0.532813 0.06640650000000001 0.018750000000000044 0.023437
1 0.534375 0.1039065 0.012500000000000067 0.026563000000000003
1 0.5398434999999999 0.15000000000000002 0.017186999999999952 0.037500000000000006
1 0.546094 0.203906 0.01718799999999998 0.04531200000000002
1 0.5476565 0.2601565 0.020313000000000025 0.042187
1 0.5546875 0.33906250000000004 0.015625 0.05937500000000001
1 0.5648439999999999 0.44062500000000004 0.020311999999999997 0.07500000000000001
1 0.5703125 0.538281 0.024998999999999993 0.06406200000000006
1 0.5765625 0.699219 0.034375000000000044 0.09531199999999995
