1 0.17875000000000005 0.5340625 0.20083400000000004 0.140625
1 0.213333 0.25 0.17500000000000002 0.10250000000000001
1 0.20833350000000003 0.3884375 0.161667 0.09937499999999999
1 0.4625000000000001 0.5506249999999999 0.07333400000000001 0.12249999999999994
1 0.47166650000000004 0.39937500000000004 0.06333300000000003 0.09000000000000002
1 0.5525 0.256875 0.08000000000000007 0.08875000000000002
1 0.5516665 0.395 0.06333299999999997 0.09875
1 0.7395835000000001 0.39937500000000004 0.1708329999999999 0.09000000000000002
1 0.7395835000000001 0.5546875 0.1708329999999999 0.12812500000000004
1 0.7329169999999999 0.2653125 0.15249999999999997 0.09562499999999999
1 0.9475000000000001 0.166875 0.068334 0.08374999999999999
