1 0.1171875 0.5070835 0.05062499999999999 0.03416700000000006
1 0.19906249999999998 0.39375 0.014374999999999999 0.014166000000000012
1 0.2003125 0.37291650000000004 0.011874999999999997 0.014166999999999985
1 0.530625 0.4883330000000001 0.010000000000000009 0.010000000000000009
1 0.5421875 0.4883330000000001 0.008125000000000049 0.010000000000000009
1 0.5543750000000001 0.5091665 0.022500000000000075 0.011666999999999983
1 0.55125 0.4870835 0.007500000000000062 0.010832999999999982
1 0.5590625 0.486667 0.010624999999999996 0.010000000000000009
1 0.57125 0.486667 0.008750000000000036 0.010000000000000009
1 0.6140625 0.51 0.010624999999999996 0.011665999999999954
1 0.6171875 0.47458350000000005 0.013125000000000053 0.014166999999999985
1 0.6209374999999999 0.45125 0.020625000000000004 0.015834000000000015
1 0.6296875 0.509583 0.013124999999999942 0.01750000000000007
1 0.62875 0.47375000000000006 0.010000000000000009 0.012499999999999956
1 0.6428125 0.46833299999999994 0.018124999999999947 0.015000000000000013
1 0.6440625 0.452917 0.010624999999999996 0.012500000000000011
1 0.6440625 0.5104164999999999 0.010624999999999996 0.015833000000000097
1 0.6446875000000001 0.48916650000000006 0.011874999999999969 0.01333300000000004
1 0.65625 0.5091665 0.011249999999999982 0.01333300000000004
1 0.6571875 0.4704165 0.010624999999999996 0.010832999999999982
1 0.6571875 0.49041650000000003 0.010624999999999996 0.01583300000000004
1 0.6571875 0.45125 0.008125000000000049 0.009166000000000007
1 0.6656249999999999 0.45125 0.006249999999999978 0.012500000000000011
1 0.7528125000000001 0.497083 0.020625000000000004 0.01749999999999996
1 0.7696875000000001 0.4958335 0.018125000000000058 0.011666999999999983
1 0.7875000000000001 0.49791649999999993 0.015000000000000013 0.015832999999999986
