1 0.0959375 0.5175 0.05937499999999998 0.10333399999999998
1 0.10593749999999999 0.34208350000000004 0.04937499999999999 0.034167
1 0.24812499999999998 0.5245835 0.046249999999999986 0.099167
1 0.37406249999999996 0.5099999999999999 0.05812500000000004 0.10999999999999993
1 0.37124999999999997 0.6891665000000001 0.034999999999999976 0.03333300000000006
1 0.4128125 0.3195835 0.11812499999999998 0.08083299999999999
1 0.4390625 0.5133329999999999 0.05437500000000001 0.10999999999999999
1 0.43437499999999996 0.6925 0.03875000000000001 0.033333999999999975
1 0.6059375 0.5425000000000001 0.041874999999999996 0.09666600000000003
1 0.6356250000000001 0.37708349999999996 0.09875 0.06583299999999997
1 0.660625 0.545 0.04499999999999993 0.09166600000000003
1 0.86375 0.7683330000000002 0.07624999999999993 0.10499999999999998
1 0.87375 0.5812499999999999 0.07874999999999999 0.08916599999999997
