1 0.1132815 0.7578125 0.12695299999999998 0.2083330000000001
1 0.11718700000000001 0.4720055 0.09375000000000001 0.170573
1 0.296875 0.548828 0.0625 0.14713599999999993
1 0.30078099999999997 0.8001305 0.06640600000000002 0.14453099999999997
1 0.44433599999999995 0.6152345 0.052734 0.14453099999999997
1 0.447754 0.8404945 0.05957000000000001 0.13932299999999997
1 0.5537110000000001 0.6575519999999999 0.04882799999999998 0.11718799999999996
1 0.5644534999999999 0.8639325000000001 0.042968999999999924 0.11588500000000002
1 0.65332 0.701172 0.02148400000000006 0.09765599999999997
1 0.6591795 0.888672 0.019530999999999965 0.105468
1 0.6850585 0.876953 0.020507000000000053 0.058594000000000035
1 0.7202145 0.869792 0.02636700000000003 0.06510400000000005
1 0.7778320000000001 0.8561195000000001 0.026368000000000058 0.07161499999999998
1 0.9243165 0.8411459999999998 0.09667899999999996 0.0625
