1 0.7171875000000001 0.61875 0.021874999999999978 0.019166000000000016
1 0.7178125 0.5812499999999999 0.02312499999999995 0.029165999999999914
1 0.7184375000000001 0.5320835 0.021874999999999978 0.030833
1 0.7440625000000001 0.617917 0.021874999999999978 0.02749999999999997
1 0.7475 0.534583 0.026249999999999996 0.03249999999999997
1 0.7475 0.5762499999999999 0.021250000000000102 0.025834000000000024
1 0.7746875 0.5287499999999999 0.02562500000000001 0.03416600000000003
1 0.7771874999999999 0.5716669999999999 0.020625000000000004 0.03500000000000003
1 0.8043750000000001 0.5754170000000001 0.026249999999999996 0.02749999999999997
1 0.8049999999999999 0.5279165 0.025000000000000022 0.029166999999999943
1 0.8359375 0.5266665 0.026874999999999982 0.04166700000000001
1 0.8690625000000001 0.5266665 0.028125000000000067 0.04166700000000001
1 0.8996875 0.5270834999999999 0.02312499999999995 0.030833
1 0.9346875 0.525 0.028124999999999956 0.03833399999999998
1 0.974375 0.5199999999999999 0.03499999999999992 0.03833399999999998
1 0.975 0.5733335 0.03374999999999995 0.04166700000000001
