1 0.19496449999999999 0.739844 0.062061000000000005 0.082812
1 0.32845450000000004 0.559375 0.06206099999999997 0.11718799999999996
1 0.34309150000000005 0.22070299999999998 0.04918100000000003 0.03828200000000001
1 0.36007049999999996 0.7398435 0.06206099999999997 0.08593699999999993
1 0.4233025 0.5578125 0.06440300000000004 0.11718699999999999
1 0.427986 0.219922 0.04801 0.032032000000000005
1 0.509368 0.2210935 0.05620600000000004 0.03437499999999999
1 0.5210775 0.743359 0.07494100000000004 0.07890599999999992
1 0.5204915 0.558594 0.05971900000000002 0.11874999999999997
1 0.607143 0.8671875 0.09719 0.034375000000000044
1 0.591335 0.2226565 0.05620600000000009 0.03437499999999999
1 0.6106555 0.557031 0.06908700000000001 0.11875000000000002
1 0.681499 0.739844 0.0726 0.082812
1 0.677986 0.2199215 0.058548000000000044 0.036719
1 0.702576 0.557812 0.0726 0.10624999999999996
1 0.8413349999999999 0.738281 0.08313800000000005 0.08593799999999996
1 0.9660420000000001 0.3683595 0.05386400000000002 0.04453099999999999
