1 0.195625 0.4174485 0.04375000000000001 0.3395870000000001
1 0.241875 0.433865 0.036250000000000004 0.29924999999999996
1 0.364375 0.24906199999999998 0.11875000000000002 0.276736
1 0.3828125 0.55394 0.02312499999999995 0.17917399999999994
1 0.40218750000000003 0.5520635 0.018125000000000002 0.164165
1 0.419375 0.553002 0.02124999999999999 0.14540400000000003
1 0.45781249999999996 0.3972795 0.044375 0.16228900000000002
1 0.4609375 0.2317075 0.04062500000000002 0.13883700000000002
1 0.5034375 0.3241085 0.04062500000000002 0.14165100000000003
1 0.5065625 0.46482199999999996 0.041874999999999996 0.10787999999999992
1 0.8184374999999999 0.303471 0.028125000000000067 0.19230799999999998
1 0.8209375 0.065197 0.023125000000000062 0.130394
1 0.8209375 0.587711 0.023125000000000062 0.1923079999999999
1 0.8596874999999999 0.046904499999999995 0.028125000000000067 0.09380899999999999
1 0.8609375 0.2762665 0.02562500000000001 0.21482099999999998
1 0.8615625 0.6050655 0.02187500000000009 0.22701700000000002
1 0.9125 0.24155749999999998 0.04249999999999998 0.246717
1 0.9762500000000001 0.18480300000000002 0.04625000000000001 0.29456000000000004
