1 0.128125 0.3425 0.04375 0.063334
1 0.12843749999999998 0.51875 0.030624999999999986 0.03916599999999992
1 0.12843749999999998 0.5795834999999999 0.030624999999999986 0.04083300000000001
1 0.12937500000000002 0.45916699999999994 0.0325 0.03500000000000003
1 0.13 0.10166700000000001 0.03125 0.039999999999999994
1 0.13 0.1625 0.03125 0.04166600000000001
1 0.13 0.222083 0.03125 0.04249999999999998
1 0.13 0.27458350000000004 0.03125 0.04416700000000001
1 0.130625 0.39958350000000004 0.0325 0.03916700000000001
1 0.133125 0.0429165 0.0325 0.039167
1 0.16749999999999998 0.45916700000000005 0.027499999999999997 0.044999999999999984
1 0.168125 0.2958335 0.028749999999999998 0.06166699999999997
1 0.169375 0.3466665 0.03125 0.05666700000000002
1 0.1671875 0.5220835 0.02562499999999998 0.035833000000000004
1 0.16875 0.2333335 0.027499999999999997 0.058333000000000024
1 0.16843750000000002 0.5762499999999999 0.02562499999999998 0.03749999999999998
1 0.16999999999999998 0.40499999999999997 0.027499999999999997 0.05333400000000005
1 0.170625 0.1216665 0.028749999999999998 0.068333
1 0.16999999999999998 0.178333 0.024999999999999994 0.065
1 0.17125 0.06833299999999999 0.024999999999999994 0.065
1 0.2109375 0.37875 0.020625000000000004 0.04083399999999998
1 0.2121875 0.42625 0.023125000000000007 0.04249999999999998
1 0.21281250000000002 0.2783335 0.024375000000000008 0.05166700000000002
1 0.2134375 0.52375 0.023125000000000007 0.03416600000000003
1 0.2134375 0.3308335 0.020625000000000004 0.04833299999999996
1 0.2140625 0.2325 0.021875000000000006 0.05333399999999999
1 0.21531250000000002 0.0391665 0.024375000000000008 0.058333
1 0.21531250000000002 0.1825 0.024375000000000008 0.04999999999999999
1 0.21531250000000002 0.134583 0.021875000000000006 0.057500000000000016
1 0.2159375 0.0891665 0.023125000000000007 0.058332999999999996
1 0.21531250000000002 0.47458350000000005 0.019375000000000003 0.035833000000000004
1 0.25593750000000004 0.36874999999999997 0.018125000000000002 0.025833999999999968
1 0.25593750000000004 0.335417 0.013124999999999998 0.027500000000000024
1 0.2571875 0.3070835 0.015625 0.025832999999999995
1 0.2921875 0.304583 0.02562500000000001 0.02749999999999997
1 0.2915625 0.33625 0.01937500000000003 0.019166000000000016
1 0.29218750000000004 0.3970834999999999 0.018125000000000002 0.02083299999999999
1 0.2921875 0.3704165 0.015625 0.025832999999999995
1 0.3165625 0.33499999999999996 0.020625000000000004 0.02166600000000002
1 0.3165625 0.5520835000000001 0.020625000000000004 0.02083299999999999
1 0.3171875 0.4895835 0.021874999999999978 0.02583299999999994
1 0.31656249999999997 0.399583 0.018125000000000002 0.017500000000000016
1 0.3171875 0.5220834999999999 0.01937500000000003 0.02083299999999999
1 0.3178125 0.302917 0.020625000000000004 0.017500000000000016
1 0.31781250000000005 0.367083 0.018125000000000002 0.01749999999999996
1 0.31781250000000005 0.42875 0.018125000000000002 0.017500000000000016
1 0.3196875 0.4595835 0.019374999999999976 0.024166999999999994
1 0.3371875 0.3029165 0.023125000000000007 0.02083299999999999
1 0.3371875 0.3366665 0.02062499999999995 0.018332999999999988
1 0.3371875 0.4891670000000001 0.02062499999999995 0.020000000000000018
1 0.3390625 0.4579165 0.021874999999999978 0.02083299999999999
1 0.3371875 0.42958349999999995 0.015625 0.01916699999999999
1 0.33843749999999995 0.397917 0.018125000000000002 0.017500000000000016
1 0.3396875 0.36624999999999996 0.020625000000000004 0.02250000000000002
1 0.3396875 0.55375 0.020625000000000004 0.02083400000000002
1 0.3390625 0.5204165000000001 0.016874999999999973 0.019167000000000045
1 0.3659375 0.55625 0.02062499999999995 0.019166000000000016
1 0.3659375 0.5254165 0.018125000000000002 0.025832999999999995
1 0.40312499999999996 0.5841664999999999 0.017500000000000016 0.018333000000000044
1 0.4040625 0.522917 0.01937500000000003 0.02749999999999997
1 0.4046875 0.55625 0.020625000000000004 0.022499999999999964
1 0.49812500000000004 0.647083 0.03250000000000003 0.03749999999999998
1 0.7003125 0.3808335 0.023125000000000062 0.021666999999999992
1 0.7059375 0.44125 0.024375000000000036 0.03250000000000003
1 0.7046874999999999 0.5662499999999999 0.01937500000000003 0.02416600000000002
1 0.7265625 0.64125 0.02187500000000009 0.029166000000000025
1 0.7415625 0.43875 0.018124999999999947 0.020833999999999964
1 0.7434375 0.49791650000000004 0.01937500000000003 0.019166999999999934
1 0.7440625000000001 0.3454165 0.020625000000000004 0.02083299999999999
1 0.7440625000000001 0.535 0.018125000000000058 0.023333999999999966
1 0.7446875 0.37541699999999995 0.01937500000000003 0.022499999999999964
1 0.7459375 0.56625 0.016874999999999973 0.02083400000000002
1 0.7696875000000001 0.3429165 0.018125000000000058 0.015832999999999986
1 0.77125 0.37541699999999995 0.02124999999999999 0.022499999999999964
1 0.77125 0.43791650000000004 0.02124999999999999 0.015832999999999986
1 0.77125 0.5341665 0.02124999999999999 0.018332999999999933
1 0.7725 0.4679170000000001 0.02375000000000005 0.017500000000000016
1 0.770625 0.40666699999999995 0.016250000000000098 0.015000000000000013
1 0.77125 0.4970835 0.01750000000000007 0.020832999999999935
1 0.79 0.40833349999999996 0.022499999999999964 0.018332999999999988
1 0.790625 0.559167 0.023749999999999938 0.020000000000000018
1 0.7915625 0.5004164999999999 0.01937500000000003 0.02083299999999999
1 0.7928124999999999 0.532083 0.01937500000000003 0.022499999999999964
1 0.791875 0.4695835 0.014999999999999902 0.02083299999999999
1 0.7928125 0.43875 0.016874999999999973 0.014165999999999956
1 0.791875 0.34375 0.012499999999999956 0.01749999999999996
1 0.7946875 0.3766665 0.018124999999999947 0.016666999999999987
