1 0.2234375 0.33239950000000007 0.014374999999999999 0.08776899999999999
1 0.2478125 0.6503265 0.019375000000000003 0.12978500000000004
1 0.2515625 0.474323 0.021875000000000006 0.12698400000000004
1 0.2546875 0.30485549999999995 0.018124999999999974 0.11671299999999998
1 0.29000000000000004 0.636321 0.023749999999999993 0.12791799999999998
1 0.2946875 0.44351100000000004 0.018125000000000002 0.13445400000000002
1 0.2984375 0.2628385 0.023125000000000007 0.13538699999999998
1 0.37968749999999996 0.414099 0.049375 0.135388
1 0.38125 0.614846 0.04999999999999999 0.13538800000000006
1 0.3815625 0.22362300000000002 0.04562499999999997 0.12231600000000001
1 0.5090625 0.2273575 0.046875 0.129785
1 0.511875 0.614846 0.04999999999999999 0.1316520000000001
1 0.605 0.24369749999999998 0.050000000000000044 0.11764699999999996
1 0.611875 0.6204485 0.04999999999999993 0.12418300000000004
1 0.6956249999999999 0.26097100000000006 0.04874999999999996 0.12044800000000001
1 0.7075 0.6255835 0.04249999999999998 0.12324900000000005
1 0.7071875 0.823996 0.038124999999999964 0.12044800000000001
1 0.7603125 0.2684405 0.041874999999999996 0.11671300000000003
1 0.770625 0.6293180000000002 0.04499999999999993 0.12698399999999999
1 0.7737499999999999 0.8188610000000001 0.036250000000000004 0.119514
1 0.8574999999999999 0.6353875 0.04749999999999999 0.11858100000000006
1 0.8640625 0.8188610000000001 0.03937500000000005 0.119514
1 0.8978125 0.295518 0.038124999999999964 0.109244
1 0.9153125 0.6391224999999999 0.04437500000000005 0.11858099999999994
1 0.9196875 0.822129 0.03312500000000007 0.1092439999999999
