1 0.045625 0.199444 0.05374999999999999 0.15000000000000002
1 0.133125 0.257778 0.05625000000000001 0.11777799999999997
1 0.135625 0.1083335 0.05875000000000001 0.13888899999999998
1 0.2125 0.332778 0.04625000000000001 0.067778
1 0.2209375 0.243889 0.029375000000000012 0.05444399999999999
1 0.263125 0.18611100000000003 0.016249999999999987 0.034444
1 0.2865625 0.36611099999999996 0.030625000000000013 0.05222199999999999
1 0.2915625 0.285 0.026874999999999982 0.045555999999999985
1 0.6268750000000001 0.3122225 0.016249999999999987 0.026666999999999996
1 0.6871875000000001 0.306667 0.009375000000000022 0.019999999999999962
1 0.7506250000000001 0.3 0.015000000000000013 0.015556000000000014
1 0.8159375 0.28722200000000003 0.013125000000000053 0.03222200000000003
