1 0.05375 0.6841685000000001 0.04625 0.19093100000000007
1 0.1003125 0.6857595000000001 0.044375 0.19411299999999995
1 0.3459375 0.484089 0.193125 0.18218
1 0.3096875 0.7501990000000001 0.07937499999999997 0.17502000000000006
1 0.40093749999999995 0.7509945 0.075625 0.17342900000000006
1 0.5365625 0.24383449999999998 0.09562499999999996 0.06762099999999999
1 0.7128125000000001 0.2474145 0.09687499999999993 0.06364299999999998
1 0.7703125 0.4769295 0.198125 0.172633
1 0.7284375000000001 0.7430389999999999 0.06937500000000008 0.170246
1 0.8128124999999999 0.742641 0.07562499999999994 0.17422399999999996
