1 0.005625 0.6658335000000001 0.01125 0.04166700000000001
1 0.0553125 0.6658335000000001 0.013124999999999998 0.04166700000000001
1 0.0959375 0.66 0.014374999999999999 0.043333999999999984
1 0.1415625 0.6641670000000001 0.018125000000000002 0.03500000000000003
1 0.2471875 0.7233330000000001 0.016875 0.09499999999999997
1 0.2765625 0.7391665000000001 0.016874999999999973 0.11666699999999997
1 0.2784375 0.50375 0.015625 0.09416600000000003
1 0.34625 0.7116669999999999 0.03749999999999998 0.1449999999999999
1 0.3521875 0.44875000000000004 0.033125000000000016 0.1225
1 0.436875 0.38999999999999996 0.04999999999999999 0.14333400000000002
1 0.43875 0.713333 0.05124999999999996 0.17500000000000004
1 0.6803125 0.2354165 0.10812500000000003 0.23583300000000004
1 0.7440625000000001 0.72625 0.13312500000000005 0.2808339999999999
