1 0.5071875 0.5343475 0.06312499999999993 0.32956500000000005
1 0.2096875 0.7826085 0.02562500000000001 0.126957
1 0.2215625 0.46652200000000005 0.030625000000000013 0.253044
1 0.3359375 0.4552175 0.04437500000000005 0.26347899999999996
1 0.3334375 0.7869565 0.03687499999999999 0.128695
1 0.61625 0.5282605 0.05125000000000002 0.246087
1 0.6225 0.7782610000000001 0.04375000000000007 0.12869600000000003
1 0.70625 0.5434779999999999 0.04249999999999998 0.21217399999999997
1 0.7184375000000001 0.7747825 0.03562499999999991 0.128695
1 0.7818750000000001 0.5573915 0.03749999999999998 0.2139130000000001
1 0.7903125 0.7765215000000001 0.04062500000000002 0.12521700000000002
1 0.85375 0.5730435 0.03750000000000009 0.186087
1 0.9071875 0.583913 0.02937500000000004 0.174782
