1 0.03125 0.7259115000000002 0.046876 0.07161499999999998
1 0.060546499999999996 0.6061195 0.033202999999999996 0.07161499999999998
1 0.065918 0.7265625 0.038085999999999995 0.0729169999999999
1 0.0893555 0.4954429999999999 0.026367 0.055989999999999984
1 0.0981445 0.60026 0.040039000000000005 0.05989599999999995
1 0.1157225 0.40169250000000006 0.026366999999999988 0.050780999999999965
1 0.1230465 0.496094 0.029297000000000017 0.05468799999999996
1 0.13867200000000002 0.3209635 0.027344000000000007 0.040364999999999984
1 0.147461 0.40039050000000004 0.01757800000000001 0.04557300000000003
1 0.165039 0.239583 0.027344000000000007 0.028646000000000033
1 0.18505850000000001 0.8756510000000001 0.06347699999999998 0.09244799999999997
1 0.171875 0.3170575 0.021484000000000003 0.042969000000000035
1 0.1982425 0.7135415000000002 0.06054699999999999 0.07552100000000006
1 0.180664 0.18489600000000003 0.019531999999999994 0.007811999999999986
1 0.203125 0.1901045 0.017577999999999983 0.020833000000000018
1 0.203125 0.24414049999999998 0.017577999999999983 0.040364999999999984
1 0.223633 0.08723950000000001 0.041016 0.020833000000000004
1 0.225586 0.5794269999999999 0.037110000000000004 0.06770799999999999
1 0.2436525 0.4765625 0.04394500000000001 0.05729099999999998
1 0.2631835 0.37695300000000004 0.03417899999999999 0.05338599999999999
1 0.2753905 0.30208349999999995 0.04101499999999997 0.049478999999999995
1 0.2763675 0.589193 0.01953100000000002 0.061197999999999975
1 0.289551 0.23632799999999998 0.030274000000000023 0.02994800000000003
1 0.2900395 0.483724 0.015625 0.050781999999999994
1 0.3222655 0.8808595000000001 0.05273500000000003 0.10026099999999993
1 0.30810550000000003 0.3919275 0.012694999999999956 0.049478999999999995
1 0.3305665 0.718099 0.04589900000000002 0.061197999999999975
1 0.345703 0.603516 0.03125 0.06380200000000003
1 0.35644549999999997 0.499349 0.03320300000000004 0.061197999999999975
1 0.3652345 0.406901 0.039063000000000014 0.042968000000000006
1 0.3745115 0.322266 0.032227000000000006 0.035155999999999965
1 0.37792950000000003 0.25846399999999997 0.025390999999999997 0.032552
1 0.38623050000000003 0.1940105 0.026366999999999974 0.015625
1 0.4594725 0.7089845 0.061522999999999994 0.07161499999999998
1 0.4594725 0.876953 0.061522999999999994 0.08723999999999998
1 0.4614255 0.5846355 0.03613299999999997 0.06770900000000002
1 0.46386700000000003 0.3828125 0.03711000000000003 0.05468700000000004
1 0.46533199999999997 0.23697900000000002 0.028319999999999956 0.03906200000000001
1 0.4663085 0.3053385 0.030272999999999994 0.035156999999999994
1 0.466797 0.1875 0.03125 0.015624000000000027
1 0.468262 0.4733075 0.03417999999999999 0.048177000000000025
1 0.505371 0.238932 0.006836000000000064 0.03515600000000002
1 0.513184 0.39713550000000003 0.02050799999999997 0.057291000000000036
1 0.5112304999999999 0.315755 0.010743000000000058 0.055989999999999984
1 0.5112304999999999 0.483724 0.010743000000000058 0.05599000000000004
1 0.5161135 0.588542 0.014648999999999912 0.05729200000000001
1 0.5541995 0.19401 0.022460999999999953 0.03125
1 0.5585935 0.24739599999999998 0.02343700000000004 0.03385399999999997
1 0.5629885 0.32682300000000003 0.02636700000000003 0.039061999999999986
1 0.567871 0.4095055 0.03417999999999999 0.04817699999999997
1 0.5747070000000001 0.4908854999999999 0.030274000000000023 0.05729099999999998
1 0.583496 0.6028645 0.03222599999999998 0.05989500000000003
1 0.585937 0.7180989999999999 0.03125 0.06380200000000003
1 0.5976565 0.875 0.042969000000000035 0.0885419999999999
1 0.635742 0.1875 0.017577999999999983 0.02604200000000001
1 0.6484375 0.235677 0.019530999999999965 0.028646000000000005
1 0.6616215 0.30013 0.02636700000000003 0.037760000000000016
1 0.6743165 0.3782555 0.032227000000000006 0.04817699999999997
1 0.6894534999999999 0.4752605000000001 0.042968999999999924 0.05468700000000004
1 0.70166 0.5820310000000001 0.04199199999999992 0.06510399999999994
1 0.7153320000000001 0.6992189999999999 0.06542999999999999 0.08593799999999996
1 0.7329105 0.8723960000000001 0.08496100000000006 0.08854200000000001
1 0.7304685 0.18554650000000003 0.019530999999999965 0.01953100000000002
1 0.7280275 0.238281 0.012695000000000012 0.03645800000000002
1 0.759277 0.235677 0.038086000000000064 0.04166600000000001
1 0.755371 0.1835935 0.014647999999999994 0.015625
1 0.76416 0.3229165 0.030274000000000023 0.049478999999999995
1 0.7788085 0.4029945 0.03613299999999997 0.05078100000000002
1 0.7910155000000001 0.3222655 0.03320299999999998 0.040364999999999984
1 0.8012695 0.49153650000000004 0.032227000000000006 0.055988999999999955
1 0.8198245 0.110026 0.05761699999999992 0.024739999999999998
1 0.8129885 0.4042970000000001 0.040038999999999936 0.050781999999999994
1 0.8237304999999999 0.596354 0.04003900000000005 0.0625
1 0.8325199999999999 0.1503905 0.05566400000000005 0.022134999999999988
1 0.834961 0.4895835 0.03125 0.05208299999999999
1 0.852051 0.7174475 0.047852000000000006 0.08072900000000005
1 0.8603514999999999 0.596354 0.042968999999999924 0.0625
1 0.8818360000000001 0.22395849999999998 0.082032 0.049478999999999995
1 0.8872070000000001 0.8704425000000001 0.05566400000000005 0.10026099999999993
1 0.8886719999999999 0.720703 0.04492200000000002 0.074218
1 0.9003909999999999 0.11979200000000001 0.06640600000000008 0.02864600000000002
1 0.90918 0.16341150000000002 0.08398400000000006 0.029947
1 0.90625 0.2786455 0.07226599999999994 0.046875
1 0.9257815 0.3444015 0.078125 0.04557300000000003
1 0.9228514999999999 0.8665365 0.050781000000000076 0.08723899999999996
1 0.9492185 0.41536449999999997 0.08789100000000005 0.057291000000000036
1 0.969238 0.5026039999999999 0.05957000000000001 0.07031200000000004
1 0.9799804999999999 0.5891924999999999 0.038085000000000035 0.07421900000000003
