1 0.784375 0.400833 0.06874999999999998 0.14500000000000002
1 0.22249999999999998 0.3958335 0.0975 0.12833300000000003
1 0.22375 0.6591665 0.06499999999999997 0.09166699999999994
1 0.20875 0.555833 0.01999999999999999 0.06499999999999995
1 0.231875 0.5508335000000001 0.036250000000000004 0.06166700000000003
1 0.331875 0.6425 0.08875 0.09166600000000003
1 0.311875 0.5258335 0.04125000000000001 0.07166700000000004
1 0.32875 0.3725 0.07500000000000001 0.16166599999999998
1 0.355625 0.5275 0.03125 0.058334
1 0.426875 0.38000000000000006 0.07874999999999999 0.14333399999999996
1 0.411875 0.5275 0.036250000000000004 0.07499999999999996
1 0.435 0.635833 0.07250000000000001 0.08499999999999996
1 0.45375 0.5183335000000001 0.03249999999999997 0.04333300000000001
1 0.516875 0.385 0.07374999999999998 0.12
1 0.613125 0.3841665 0.08374999999999999 0.13166700000000003
1 0.6993750000000001 0.3958335 0.06625000000000003 0.11166699999999996
1 0.715625 0.515833 0.08124999999999993 0.08499999999999996
1 0.798125 0.5216665 0.05625000000000002 0.07666700000000004
