1 0.033770999999999995 0.600094 0.03252 0.04041399999999995
1 0.05222 0.5418229999999999 0.030644000000000005 0.03853399999999996
1 0.06848 0.4891915 0.026892 0.04229299999999997
1 0.08286450000000001 0.4412595 0.028142999999999987 0.034775
1 0.106629 0.4976499999999999 0.026892 0.03853399999999996
1 0.11788599999999999 0.448778 0.028141999999999986 0.03853400000000001
1 0.14415250000000002 0.5032895000000001 0.02188900000000002 0.03853300000000004
1 0.253596 0.486372 0.01563400000000001 0.02913600000000005
1 0.32801749999999996 0.7725565 0.059412999999999994 0.12030099999999998
1 0.43871150000000003 0.775846 0.06066299999999997 0.12124
1 0.5487805 0.7786654999999999 0.06066299999999991 0.12312100000000004
1 0.675109 0.798872 0.04315199999999997 0.08646600000000004
1 0.666979 0.26268800000000003 0.024390000000000023 0.04981200000000003
1 0.6929335 0.324248 0.033770999999999995 0.06579000000000002
1 0.6929335 0.6428575 0.033770999999999995 0.08270699999999997
1 0.70763 0.540414 0.036897999999999986 0.07518799999999992
1 0.706379 0.1842105 0.01938799999999996 0.063909
1 0.7179485 0.3886275 0.03752299999999997 0.05545099999999997
1 0.7257659999999999 0.4661655000000001 0.036897999999999986 0.06954900000000003
1 0.7382735 0.25 0.019387000000000043 0.06767000000000001
1 0.7582865 0.7871239999999999 0.030645000000000033 0.109962
1 0.7632895 0.5996239999999999 0.030644999999999922 0.09210599999999991
1 0.765166 0.4859025 0.024390000000000023 0.08082699999999998
1 0.7782990000000001 0.320489 0.02939400000000003 0.07330799999999998
1 0.7789245 0.4022555 0.02814300000000003 0.07894699999999999
1 0.7904945 0.114192 0.04627899999999996 0.061090000000000005
1 0.8198875 0.183271 0.04878099999999996 0.062029999999999995
1 0.8411505 0.262688 0.05003099999999994 0.05357200000000001
1 0.8580365000000001 0.339756 0.058787000000000034 0.04981199999999996
1 0.873671 0.41447399999999995 0.06629200000000002 0.07706800000000003
1 0.8914949999999999 0.07941749999999999 0.04315199999999997 0.09680499999999997
1 0.926204 0.161184 0.048780000000000046 0.09868399999999998
1 0.958724 0.256579 0.060038000000000036 0.09586399999999998
