1 0.1065625 0.3666665 0.06687500000000002 0.19166700000000003
1 0.1153125 0.182917 0.05812500000000001 0.13749999999999996
1 0.20656249999999998 0.3866665 0.053125000000000006 0.161667
1 0.2096875 0.20125 0.05687500000000001 0.13583399999999998
1 0.2978125 0.3933335 0.05687500000000001 0.14833300000000005
1 0.29781250000000004 0.21958350000000001 0.05437500000000001 0.13083299999999998
1 0.385625 0.40875 0.05625000000000002 0.15916600000000003
1 0.3878125 0.23208349999999997 0.055625000000000036 0.12583299999999997
1 0.45906250000000004 0.41416650000000005 0.05937500000000001 0.148333
1 0.46187500000000004 0.24958350000000004 0.05375000000000002 0.11916700000000002
1 0.5259375 0.41791649999999997 0.05062500000000003 0.12916699999999998
1 0.5315624999999999 0.2616665 0.05437499999999995 0.11166700000000002
1 0.59875 0.2833335 0.04875000000000007 0.106667
1 0.600625 0.4320835 0.040000000000000036 0.12583299999999997
1 0.65375 0.285 0.039999999999999925 0.10333399999999998
1 0.6581250000000001 0.4337500000000001 0.04874999999999996 0.119166
1 0.7106250000000001 0.29083349999999997 0.04749999999999999 0.10833299999999997
1 0.7124999999999999 0.43708299999999994 0.04625000000000001 0.12250000000000005
1 0.7978125 0.18583349999999998 0.05437499999999995 0.111667
1 0.7984375 0.3170835 0.024375000000000036 0.07583299999999998
1 0.854375 0.1925 0.043749999999999956 0.10833399999999999
1 0.8615625 0.325833 0.04312500000000008 0.09999999999999998
1 0.9075 0.21083299999999996 0.03874999999999995 0.09999999999999998
1 0.91 0.3391665 0.04125000000000001 0.10166700000000001
1 0.953125 0.22166650000000002 0.040000000000000036 0.10166700000000001
1 0.9612499999999999 0.34416650000000004 0.04250000000000009 0.098333
