1 0.166875 0.515 0.035 0.05666599999999993
1 0.1796875 0.40555549999999996 0.03437499999999999 0.06666699999999998
1 0.2225 0.5716665 0.03375 0.061111000000000026
1 0.2365625 0.4405555 0.030625000000000013 0.06333299999999997
1 0.2871875 0.568333 0.041874999999999996 0.07222200000000001
1 0.30125 0.433889 0.03999999999999998 0.063334
1 0.3103125 0.31777799999999995 0.029374999999999984 0.064444
1 0.3128125 0.6438890000000002 0.014375000000000027 0.05222199999999999
1 0.3678125 0.5594445 0.021874999999999978 0.05222300000000002
1 0.37875000000000003 0.36 0.03875000000000001 0.066666
1 0.37875 0.298333 0.036250000000000004 0.05222199999999999
