1 0.16999999999999998 0.63125 0.04874999999999999 0.03249999999999997
1 0.1565625 0.44958349999999997 0.016875 0.07916700000000004
1 0.1615625 0.335 0.011874999999999997 0.056665999999999994
1 0.2509375 0.4345835 0.024375000000000008 0.08083299999999999
1 0.255625 0.303333 0.03125 0.07
1 0.341875 0.43375 0.026249999999999996 0.08916600000000002
1 0.3503125 0.315 0.01687500000000003 0.07166600000000001
1 0.3753125 0.3270835 0.015625 0.06916700000000003
1 0.38 0.44249999999999995 0.016249999999999987 0.08666600000000002
1 0.4459375 0.355 0.014375000000000027 0.05499999999999999
1 0.4665625 0.365 0.01937500000000003 0.068334
1 0.51375 0.4749999999999999 0.010000000000000009 0.05499999999999994
1 0.5190625 0.3925 0.013125000000000053 0.03833399999999998
1 0.53125 0.3970834999999999 0.008750000000000036 0.035833000000000004
1 0.5375 0.48124999999999996 0.008750000000000036 0.060834
1 0.571875 0.4916665 0.007500000000000062 0.05333300000000002
1 0.5718749999999999 0.41416650000000005 0.0050000000000000044 0.033333
1 0.5846875 0.4175 0.010624999999999996 0.02999999999999997
1 0.5859375 0.49583350000000004 0.010625000000000107 0.058333000000000024
1 0.6278125 0.5091665 0.016874999999999973 0.05333300000000002
1 0.6371875 0.45083349999999994 0.009375000000000022 0.04833299999999996
1 0.650625 0.45625 0.007500000000000062 0.04083399999999998
1 0.6634375 0.5183335 0.013125000000000053 0.04833299999999996
1 0.690625 0.5233335 0.012500000000000067 0.04833299999999996
