1 0.31875 0.9087140000000001 0.014165999999999956 0.06638999999999995
1 0.3225 0.8077455 0.013334000000000013 0.058091000000000004
1 0.32625000000000004 0.5165975 0.017500000000000016 0.059475
1 0.32499999999999996 0.7047025 0.013334000000000013 0.06224099999999999
1 0.3304165 0.430152 0.02083299999999999 0.06085800000000002
1 0.3275 0.607192 0.013334000000000013 0.069156
1 0.3304165 0.334025 0.01416700000000004 0.053942
1 0.33499999999999996 0.20816 0.018334000000000017 0.142462
1 0.36041650000000003 0.8105115 0.01916699999999999 0.07745499999999994
1 0.3620835 0.9128630000000001 0.01416700000000004 0.07468799999999998
1 0.365 0.622407 0.018334000000000017 0.069156
1 0.36583350000000003 0.7178420000000001 0.016667000000000043 0.06638999999999995
1 0.36375 0.5373445 0.01083400000000001 0.06777300000000008
1 0.3675 0.23029049999999998 0.015000000000000013 0.139695
1 0.36541650000000003 0.443292 0.00916699999999998 0.06224000000000002
1 0.3725 0.356155 0.01666599999999996 0.056707999999999974
1 0.3854165 0.93361 0.015832999999999986 0.06639000000000006
1 0.38625 0.8298754999999999 0.014166000000000012 0.060856999999999946
1 0.389583 0.46957150000000003 0.017500000000000016 0.06500700000000004
1 0.39 0.73444 0.016666000000000014 0.06638999999999995
1 0.3904165 0.647303 0.01416700000000004 0.06639000000000006
1 0.3908335 0.38312599999999997 0.01333300000000004 0.06639
1 0.39166650000000003 0.26071900000000003 0.011667000000000038 0.14246200000000003
1 0.3929165 0.5567085 0.01416700000000004 0.06224099999999999
1 0.4108335 0.7524205 0.016666999999999987 0.06915700000000002
1 0.4108335 0.9419090000000001 0.016666999999999987 0.06638999999999995
1 0.41000000000000003 0.401798 0.013334000000000013 0.06224000000000002
1 0.41166650000000005 0.6638999999999999 0.013332999999999984 0.06639000000000006
1 0.41208350000000005 0.572614 0.014166999999999985 0.06362400000000001
1 0.4133335 0.489627 0.016666999999999987 0.06639
1 0.412917 0.8485475000000001 0.012500000000000011 0.06224099999999999
1 0.4120835 0.28769 0.009167000000000036 0.138312
1 0.4341665 0.9564315 0.016666999999999987 0.06777300000000008
1 0.4345835 0.4260025 0.015832999999999986 0.05255900000000002
1 0.4341665 0.6818810000000001 0.011666999999999983 0.06085799999999996
1 0.434583 0.3112035 0.012499999999999956 0.13831299999999996
1 0.434583 0.5103735 0.012499999999999956 0.06362300000000004
1 0.4354165 0.7710925 0.014166999999999985 0.06224099999999999
1 0.43625 0.8644535 0.01583399999999996 0.060856999999999946
1 0.4383335 0.600277 0.011666999999999983 0.06362400000000001
1 0.45416650000000003 0.452974 0.018332999999999988 0.05947400000000003
1 0.45458350000000003 0.3360995 0.014166999999999985 0.13554699999999997
1 0.4554165 0.8748274999999999 0.015832999999999986 0.06500700000000004
1 0.45499999999999996 0.6113419999999999 0.01166600000000001 0.06362400000000001
1 0.457917 0.791148 0.017500000000000016 0.069156
1 0.4554165 0.5345785 0.010832999999999982 0.06224099999999999
1 0.457917 0.6970955 0.012500000000000011 0.05532500000000007
1 0.457917 0.9647299999999999 0.012500000000000011 0.05947400000000003
1 0.4754165 0.6327805 0.014166999999999985 0.06500700000000004
1 0.47624999999999995 0.5560170000000001 0.012500000000000011 0.06638999999999995
1 0.47875 0.802213 0.017500000000000016 0.06362400000000001
1 0.4754165 0.46818800000000005 0.00916699999999998 0.051176
1 0.475833 0.35407999999999995 0.010000000000000009 0.13278
1 0.47791649999999997 0.719225 0.014166999999999985 0.06638999999999995
1 0.48 0.8893499999999999 0.013334000000000013 0.06638999999999995
1 0.9225 0.8803595 0.021665999999999963 0.029044999999999987
