1 0.3159375 0.22541650000000002 0.00687500000000002 0.090833
1 0.33125 0.2158335 0.006249999999999978 0.07166699999999998
1 0.33125 0.3491665 0.006249999999999978 0.10833300000000001
1 0.3425 0.17208299999999999 0.009999999999999953 0.12250000000000001
1 0.344375 0.33208299999999996 0.00874999999999998 0.1225
1 0.3440625 0.329167 0.0006249999999999867 0.09999999999999998
1 0.36624999999999996 0.3070835 0.011250000000000038 0.12416700000000003
1 0.3921875 0.2658335 0.02437499999999998 0.16833299999999998
1 0.39156250000000004 0.07291650000000001 0.018125000000000002 0.130833
1 0.420625 0.21666649999999998 0.011250000000000038 0.176667
1 0.4809375 0.1975 0.019374999999999976 0.135
1 0.48062499999999997 0.0516665 0.012500000000000011 0.101667
1 0.5165625 0.0166665 0.018125000000000058 0.033333
1 0.5234375 0.1520835 0.02562500000000001 0.12416699999999999
1 0.569375 0.09875 0.040000000000000036 0.11416599999999999
1 0.66125 0.04 0.03875000000000006 0.08
1 0.9924999999999999 0.1558335 0.01375000000000004 0.058332999999999996
