1 0.14625 0.643125 0.045834000000000014 0.03749999999999998
1 0.1516665 0.6071875 0.04833299999999999 0.04062499999999991
1 0.15833350000000002 0.5765625000000001 0.04333299999999998 0.04062500000000002
1 0.165417 0.5440625 0.047500000000000014 0.04062499999999991
1 0.17208299999999999 0.513125 0.047500000000000014 0.03749999999999998
1 0.2883335 0.7596875000000001 0.038333000000000006 0.03437499999999993
1 0.34875000000000006 0.7424999999999999 0.04083400000000004 0.03749999999999998
1 0.3533335 0.7015625 0.036667000000000005 0.04437500000000005
1 0.3558335000000001 0.660625 0.036667000000000005 0.04125000000000001
1 0.3625 0.619375 0.036665999999999976 0.03750000000000009
1 0.365 0.58375 0.036665999999999976 0.04125000000000001
1 0.3704165 0.5462499999999999 0.034167 0.03749999999999998
1 0.37291650000000004 0.5109375 0.034167 0.03937499999999999
1 0.3758335 0.475625 0.036667000000000005 0.036250000000000004
1 0.3808335 0.443125 0.031667 0.036250000000000004
1 0.4479165 0.2678125 0.015832999999999986 0.016874999999999973
1 0.5470835 0.7603125 0.0458329999999999 0.03437499999999993
1 0.5491670000000001 0.624375 0.04500000000000004 0.03249999999999997
1 0.5491670000000001 0.71 0.04500000000000004 0.03249999999999997
1 0.5500000000000002 0.66625 0.043333999999999984 0.03750000000000009
1 0.5504165 0.540625 0.03916699999999995 0.03249999999999997
1 0.55125 0.5818749999999999 0.04083400000000004 0.036250000000000004
1 0.5516665 0.429375 0.036667000000000005 0.036250000000000004
1 0.5516665 0.5021875 0.036667000000000005 0.030624999999999958
1 0.5525000000000001 0.361875 0.03833400000000009 0.02749999999999997
1 0.5525000000000001 0.4653125 0.03833400000000009 0.03562500000000002
1 0.5537500000000001 0.3959375 0.03583400000000003 0.034375000000000044
1 0.555 0.30062500000000003 0.03833399999999998 0.027500000000000024
1 0.5545835 0.33125 0.03416700000000006 0.03125
1 0.5558335 0.26937500000000003 0.036667000000000005 0.03250000000000003
1 0.63375 0.600625 0.04083400000000004 0.03249999999999997
1 0.6370830000000001 0.6878124999999999 0.04749999999999999 0.03937500000000005
1 0.6691665000000001 0.29718750000000005 0.11166699999999996 0.049375
1 0.674583 0.4346875 0.12249999999999994 0.05312499999999998
1 0.6358335 0.6415625 0.04166700000000001 0.03562500000000002
1 0.6720835 0.333125 0.11416700000000002 0.05249999999999999
1 0.6741665 0.36406249999999996 0.11833300000000002 0.05437500000000001
1 0.6741665 0.4009375 0.11833300000000002 0.05312499999999998
1 0.6779164999999999 0.4725 0.12583299999999997 0.05999999999999994
1 0.6404164999999999 0.735625 0.04083300000000001 0.036250000000000004
1 0.6679165 0.55125 0.09583300000000006 0.05625000000000002
1 0.6825 0.5090625 0.125 0.05437500000000001
1 0.7120829999999999 0.6609375 0.05249999999999999 0.03562500000000002
1 0.7175000000000001 0.71 0.050000000000000044 0.03749999999999998
1 0.806667 0.7353125 0.05499999999999994 0.04312499999999997
1 0.85 0.6312500000000001 0.14166599999999996 0.05625000000000002
1 0.813333 0.79 0.05500000000000005 0.04625000000000001
1 0.9125000000000001 0.823125 0.066666 0.04125000000000001
