0 0.39404296875 0.427734375 0.0849609375 0.24088541666666666
1 0.75390625 0.228515625 0.03125 0.05859375
1 0.6875 0.23046875 0.02734375 0.057291666666666664
1 0.81494140625 0.22265625 0.0322265625 0.057291666666666664
1 0.447265625 0.24153645833333331 0.02734375 0.05598958333333333
1 0.50634765625 0.23893229166666666 0.0283203125 0.05598958333333333
1 0.39453125 0.244140625 0.02734375 0.053385416666666664
1 0.33740234375 0.24283854166666666 0.0283203125 0.053385416666666664
1 0.18310546875 0.24674479166666666 0.0263671875 0.04296875
0 0.41259765625 0.4954427083333333 0.3154296875 0.9856770833333333
