1 0.317616 0.1146875 0.211744 0.09687499999999999
1 0.3394125 0.5778125000000001 0.19128100000000003 0.07687499999999992
1 0.342082 0.763125 0.182384 0.10249999999999992
1 0.36165499999999995 0.30781250000000004 0.19839799999999996 0.08687499999999998
1 0.70863 0.3 0.182384 0.08875
1 0.6908365000000001 0.5843750000000001 0.10765100000000005 0.12124999999999997
1 0.7032915000000001 0.7809375000000001 0.10231299999999999 0.12437500000000001
1 0.7442175 0.1171875 0.18060500000000002 0.085625
1 0.893683 0.3103125 0.09519600000000004 0.09187499999999998
1 0.9034699999999999 0.5800000000000001 0.10409200000000006 0.11625000000000008
