1 0.029648 0.7090624999999999 0.035176 0.05937500000000007
1 0.035176 0.58625 0.03015 0.09375
1 0.0683415 0.7228125000000001 0.036181 0.06312499999999999
1 0.088945 0.5974999999999999 0.039195999999999995 0.08875
1 0.11356750000000002 0.733125 0.03216100000000001 0.05249999999999999
1 0.13417099999999998 0.6025 0.05728599999999999 0.08875
1 0.1467335 0.7346874999999999 0.044220999999999996 0.04937500000000006
1 0.30602999999999997 0.6278125 0.049245999999999956 0.109375
1 0.3226135 0.7553125 0.038190999999999975 0.07687499999999992
1 0.37738700000000003 0.6371875 0.06532600000000005 0.114375
1 0.3859295 0.7671875 0.04422100000000001 0.08062499999999995
1 0.443216 0.6543749999999999 0.066332 0.11750000000000005
1 0.45979899999999996 0.79125 0.04321599999999998 0.09749999999999992
1 0.68794 0.7221875 0.05527600000000011 0.07187500000000002
1 0.684925 0.8612500000000001 0.04321599999999992 0.06625000000000003
1 0.7467335 0.8731249999999999 0.05226100000000001 0.06999999999999995
1 0.7562814999999999 0.7321875 0.06532700000000002 0.07562500000000005
1 0.816583 0.89125 0.055276 0.07499999999999996
1 0.8180905 0.738125 0.05829099999999998 0.05249999999999999
