1 0.18906250000000002 0.5322915 0.053125000000000006 0.139583
1 0.0625 0.5281250000000001 0.034373999999999995 0.12291599999999997
1 0.2148435 0.35520850000000004 0.067187 0.08541700000000002
1 0.3804685 0.3968749999999999 0.02968700000000002 0.097916
1 0.475 0.5635415 0.03125 0.08958299999999997
1 0.4804685 0.403125 0.035937 0.089584
1 0.478906 0.296875 0.010938000000000003 0.03958399999999995
1 0.539844 0.571875 0.029687999999999937 0.08125000000000004
1 0.5453125 0.42395850000000007 0.03749899999999995 0.07708300000000001
1 0.649219 0.584375 0.020311999999999997 0.06874999999999998
1 0.7695315 0.5989585 0.051563000000000025 0.0770829999999999
