1 0.681875 0.13999999999999999 0.07125000000000004 0.103334
1 0.046875 0.18999999999999997 0.03875000000000001 0.07
1 0.09312499999999999 0.6825000000000001 0.10374999999999998 0.0483340000000001
1 0.253125 0.16666650000000002 0.08875 0.07333300000000001
1 0.27249999999999996 0.34 0.019999999999999962 0.07
1 0.3525 0.0133335 0.05249999999999999 0.026667
1 0.353125 0.1658335 0.05375000000000002 0.07833299999999999
1 0.35625 0.33749999999999997 0.057499999999999996 0.068334
1 0.655 0.500833 0.10250000000000004 0.07499999999999996
1 0.6793750000000001 0.35416700000000007 0.06625000000000003 0.09499999999999997
1 0.805625 0.19166649999999996 0.028749999999999942 0.093333
1 0.808125 0.340833 0.028750000000000053 0.08499999999999996
1 0.840625 0.5083335 0.06625000000000003 0.07666700000000004
1 0.869375 0.7116665000000001 0.028750000000000053 0.03333300000000006
1 0.8731249999999999 0.0625 0.036250000000000004 0.09500000000000001
1 0.87625 0.21666649999999998 0.04249999999999998 0.096667
1 0.8787499999999999 0.349167 0.04749999999999999 0.09499999999999997
