1 0.7081249999999999 0.44125 0.0675 0.11583400000000005
1 0.2534375 0.4904165 0.018125000000000002 0.06416699999999997
1 0.296875 0.4754164999999999 0.02749999999999997 0.07416699999999998
1 0.3203125 0.6145835000000001 0.024375000000000036 0.06416699999999997
1 0.349375 0.459583 0.028749999999999998 0.07750000000000001
1 0.3753125 0.620417 0.020625000000000004 0.03750000000000009
1 0.411875 0.445 0.03249999999999997 0.08666600000000002
1 0.484375 0.42624999999999996 0.03750000000000003 0.07916600000000001
1 0.489375 0.6037500000000001 0.03249999999999997 0.07916600000000007
1 0.605625 0.587917 0.030000000000000027 0.04749999999999999
1 0.816875 0.462917 0.03374999999999995 0.0675
