1 0.074375 0.44500000000000006 0.07500000000000001 0.14166599999999996
1 0.1078125 0.18208349999999998 0.046875 0.16416699999999998
1 0.175 0.49583299999999997 0.026249999999999996 0.10499999999999998
1 0.8771875 0.3325 0.02937499999999993 0.05499999999999999
1 0.8771875 0.5441664999999999 0.026874999999999982 0.053333000000000075
1 0.8778125 0.43875000000000003 0.028124999999999956 0.05750000000000005
1 0.8790625 0.232083 0.028124999999999956 0.05749999999999997
1 0.955 0.49666649999999996 0.04125000000000001 0.048333000000000015
1 0.9559375 0.603333 0.04312500000000008 0.04499999999999993
1 0.9578125 0.29333349999999997 0.041874999999999996 0.05166699999999996
1 0.959375 0.18833350000000001 0.04125000000000001 0.04833299999999999
1 0.9606250000000001 0.3916665 0.04375000000000007 0.05166699999999996
