1 0.35625 0.3921875 0.025000000000000022 0.04062499999999997
1 0.3666665 0.5289065 0.029167 0.057813
1 0.471875 0.5257815 0.05625000000000002 0.06406299999999998
1 0.47083349999999996 0.396094 0.02083299999999999 0.042188
1 0.5895835000000001 0.53125 0.06666700000000003 0.059376000000000095
1 0.588542 0.3953125 0.03125 0.043750999999999984
1 0.7312500000000001 0.3000005 0.058334 0.15312499999999998
1 0.786458 0.23046850000000002 0.03125 0.12968700000000002
1 0.8374999999999999 0.14687499999999998 0.03749999999999998 0.14375
1 0.9135415 0.065625 0.06041699999999994 0.13125
