1 0.11083349999999999 0.8475 0.028332999999999997 0.022499999999999964
1 0.11750000000000001 0.80125 0.02500000000000001 0.03500000000000003
1 0.23749999999999996 0.8525 0.03166599999999997 0.030000000000000027
1 0.238333 0.90625 0.02999999999999997 0.03499999999999992
1 0.24916649999999999 0.806875 0.03833299999999998 0.03374999999999995
1 0.2958335 0.9068750000000001 0.028332999999999997 0.036250000000000004
1 0.2966665 0.856875 0.026666999999999996 0.03874999999999995
1 0.304167 0.8075 0.034999999999999976 0.02499999999999991
1 0.36166699999999996 0.9125000000000001 0.02999999999999997 0.03500000000000003
1 0.369167 0.811875 0.034999999999999976 0.03374999999999995
1 0.36499999999999994 0.858125 0.023333999999999966 0.026249999999999996
1 0.4216665 0.913125 0.033332999999999946 0.03125
1 0.425 0.815625 0.030000000000000027 0.028749999999999942
1 0.425 0.868125 0.030000000000000027 0.04125000000000001
1 0.645 0.17625000000000002 0.023333999999999966 0.024999999999999994
1 0.6991670000000001 0.446875 0.015000000000000013 0.03875000000000001
1 0.7083335000000001 0.180625 0.013332999999999928 0.01874999999999999
1 0.7825000000000001 0.421875 0.068334 0.043749999999999956
1 0.8441664999999999 0.5293749999999999 0.06166700000000003 0.05874999999999997
1 0.8741665 0.421875 0.05166700000000002 0.03374999999999995
