1 0.0121875 0.22458350000000002 0.023125 0.044166999999999984
1 0.034687499999999996 0.2225 0.016874999999999998 0.05166599999999999
1 0.13718750000000002 0.22333350000000005 0.019375000000000003 0.046666999999999986
1 0.1590625 0.2208335 0.024375000000000008 0.058332999999999996
1 0.17375 0.0154165 0.03375 0.029167
1 0.1796875 0.0775 0.026874999999999982 0.049999999999999996
1 0.1796875 0.1495835 0.02437499999999998 0.045832999999999985
1 0.1840625 0.21999999999999997 0.023125000000000007 0.046665999999999985
1 0.366875 0.10208350000000001 0.03249999999999997 0.040832999999999994
1 0.366875 0.155833 0.02749999999999997 0.044999999999999984
1 0.3675 0.20708300000000002 0.026249999999999996 0.037500000000000006
1 0.3934375 0.15625 0.020625000000000004 0.03583399999999998
1 0.3953125 0.10291650000000001 0.021874999999999978 0.039166999999999993
1 0.39468749999999997 0.2104165 0.018125000000000002 0.035833000000000004
1 0.421875 0.155417 0.026249999999999996 0.03749999999999998
1 0.4203125 0.10291650000000001 0.020625000000000004 0.03583299999999999
1 0.4778125 0.15833299999999997 0.021875000000000033 0.03999999999999998
1 0.4790625 0.102083 0.024375000000000036 0.03749999999999999
1 0.5025 0.1575 0.02749999999999997 0.04166599999999998
1 0.5046875 0.1045835 0.023125000000000007 0.035833000000000004
