1 0.0171875 0.351313 0.030625 0.17354599999999998
1 0.068125 0.380863 0.058750000000000004 0.05628600000000001
1 0.0753125 0.254221 0.058124999999999996 0.06378999999999999
1 0.07906250000000001 0.1472795 0.063125 0.073171
1 0.0875 0.04831100000000001 0.04625 0.044090000000000004
1 0.1271875 0.3799245 0.023125000000000007 0.05440900000000004
1 0.1315625 0.1571295 0.026874999999999996 0.042213
1 0.13093749999999998 0.26454049999999996 0.023124999999999993 0.054408999999999985
1 0.1378125 0.06238300000000001 0.026874999999999996 0.038462
1 0.171875 0.379456 0.04125000000000001 0.03658600000000001
1 0.1725 0.27532850000000003 0.04250000000000001 0.051594999999999995
1 0.18375 0.0708255 0.05375000000000002 0.038460999999999995
1 0.18312499999999998 0.163696 0.05000000000000002 0.05159400000000001
1 0.4078125 0.2424955 0.023125000000000007 0.029080999999999996
1 0.4540625 0.206848 0.030625000000000013 0.04596600000000001
1 0.479375 0.204034 0.010000000000000009 0.02532799999999999
1 0.4953125 0.198405 0.01937500000000003 0.040337999999999985
1 0.5984375 0.19465300000000002 0.02562500000000001 0.03658600000000001
1 0.65125 0.011257 0.014999999999999902 0.022514
1 0.653125 0.0722325 0.01375000000000004 0.030018999999999997
1 0.6775 0.018292500000000003 0.013749999999999929 0.030957000000000005
1 0.680625 0.08114450000000001 0.01749999999999996 0.032833
1 0.681875 0.14540350000000002 0.015000000000000013 0.03001899999999999
1 0.7203125 0.033771 0.015625 0.022514
1 0.7215625 0.1599435 0.018124999999999947 0.029080999999999996
1 0.7203125 0.0952155 0.013125000000000053 0.034709000000000004
1 0.7453125 0.158068 0.01937500000000003 0.021576000000000012
1 0.7440625 0.04831149999999999 0.014375000000000027 0.032832999999999994
1 0.7478125 0.1060035 0.01187500000000008 0.028143000000000005
