1 0.31656249999999997 0.5708335 0.014374999999999971 0.04833299999999996
1 0.32437499999999997 0.35125 0.02999999999999997 0.04583400000000004
1 0.3259375 0.4520835 0.024375000000000036 0.06583299999999997
1 0.3490625 0.5725 0.016874999999999973 0.05166599999999999
1 0.3834375 0.45125 0.023125000000000007 0.064166
1 0.3859375 0.348333 0.02562500000000001 0.05499999999999999
1 0.4775 0.431667 0.026249999999999996 0.05499999999999999
1 0.5575000000000001 0.432083 0.026249999999999996 0.0675
1 0.6446875000000001 0.3425 0.02937500000000004 0.05666600000000005
1 0.6465624999999999 0.5725 0.02312499999999995 0.06499999999999995
1 0.649375 0.445 0.028749999999999942 0.068334
1 0.6950000000000001 0.5958335 0.006249999999999978 0.12166699999999997
1 0.71 0.33666700000000005 0.026249999999999996 0.05499999999999999
1 0.7128125000000001 0.4383335 0.02312499999999995 0.038333000000000006
1 0.7178125 0.5837500000000001 0.018125000000000058 0.11250000000000004
1 0.7396875 0.582917 0.013124999999999942 0.12749999999999995
1 0.8390625 0.58 0.051875000000000004 0.15333399999999997
1 0.9043749999999999 0.6095829999999999 0.01375000000000004 0.09749999999999992
