1 0.019043 0.27932599999999996 0.038086 0.042522000000000004
1 0.0249025 0.39442849999999996 0.049805 0.07038099999999997
1 0.0307615 0.560117 0.061523 0.10557199999999999
1 0.06591749999999999 0.7749269999999999 0.07128899999999999 0.13929599999999998
1 0.0703125 0.272727 0.052735000000000004 0.07331399999999999
1 0.0839845 0.39736049999999995 0.056641000000000004 0.08211099999999999
1 0.1225585 0.5696479999999999 0.067383 0.112904
1 0.133789 0.2683285 0.04296799999999999 0.06744900000000001
1 0.1630855 0.7829915 0.06445300000000001 0.14369500000000002
1 0.1665035 0.40542550000000005 0.05371100000000001 0.07771300000000003
1 0.20898450000000002 0.5696479999999999 0.06054699999999999 0.10997000000000001
1 0.209961 0.277859 0.04882800000000001 0.07184799999999997
1 0.247559 0.40322600000000003 0.051758000000000026 0.09384200000000004
1 0.265625 0.7749269999999999 0.06835999999999998 0.11583599999999994
1 0.2763675 0.26832849999999997 0.046875 0.05571900000000002
1 0.30371099999999995 0.5806449999999999 0.054688000000000014 0.117302
1 0.328125 0.4090909999999999 0.05468799999999996 0.09384199999999997
1 0.3544925 0.271261 0.04296899999999998 0.070382
1 0.4047855 0.791789 0.11230499999999999 0.14956000000000003
1 0.4267575 0.5762465 0.087891 0.13489700000000004
1 0.43847650000000005 0.40176 0.087891 0.08504400000000001
1 0.45263699999999996 0.266129 0.06933600000000001 0.07477999999999999
1 0.5776365 0.7888559999999999 0.09863299999999997 0.158358
1 0.578125 0.5769795 0.08984400000000003 0.12463299999999998
1 0.5771485 0.39955999999999997 0.078125 0.08651000000000003
1 0.5751955 0.266129 0.07031299999999996 0.07477999999999999
1 0.703613 0.26173 0.04199199999999992 0.06598200000000001
1 0.719238 0.3973605 0.04199199999999992 0.08797699999999997
1 0.7377929999999999 0.5659824999999999 0.05761800000000006 0.0997070000000001
1 0.7622070000000001 0.7939885000000001 0.06347599999999998 0.12170100000000005
1 0.780762 0.25366550000000004 0.047852000000000006 0.061583000000000034
1 0.803223 0.39442799999999995 0.05175799999999997 0.08211199999999996
1 0.8325199999999999 0.5769795 0.05566400000000005 0.10997100000000003
1 0.8691409999999999 0.7998535 0.058593999999999924 0.14222899999999994
1 0.9106445000000001 0.3804985 0.06933500000000004 0.086511
1 0.9570315 0.557185 0.08203099999999997 0.10557199999999999
