1 0.34640499999999996 0.8284315 0.035948000000000035 0.091503
1 0.345588 0.6830065000000001 0.031046000000000018 0.11111100000000007
1 0.39705900000000005 0.6781045 0.055555999999999994 0.10130700000000004
1 0.401961 0.8276144999999999 0.06535999999999997 0.09640499999999996
1 0.4346405 0.531046 0.065359 0.05555599999999994
1 0.4468955 0.6944444999999999 0.03104499999999999 0.10457499999999997
1 0.4493465 0.8300654999999999 0.032679000000000014 0.091503
1 0.510621 0.7099675 0.066994 0.06372500000000003
1 0.518791 0.8243465 0.060457999999999956 0.10947700000000005
1 0.593954 0.518791 0.034313999999999956 0.07679799999999998
1 0.607843 0.6748365 0.05882399999999999 0.11437900000000001
1 0.619281 0.8178105 0.05555600000000005 0.12254900000000002
1 0.73366 0.7728755 0.049020000000000064 0.11111100000000007
1 0.7508170000000001 0.9281045 0.04738600000000004 0.11111099999999996
1 0.7908495 0.7794114999999999 0.049018999999999924 0.10784300000000002
1 0.8112745 0.9379085 0.06045699999999998 0.11764699999999995
1 0.8333335 0.7941175 0.06209100000000001 0.10784300000000002
1 0.8660129999999999 0.9419934999999999 0.05555600000000005 0.11274499999999998
