1 0.093125 0.49683900000000003 0.04500000000000001 0.19705
1 0.16375 0.489463 0.0325 0.21180199999999996
1 0.22249999999999998 0.4135935 0.035 0.100105
1 0.2271875 0.12118049999999998 0.030624999999999986 0.101159
1 0.2278125 0.252898 0.03187499999999999 0.09694400000000003
1 0.2834375 0.117492 0.03562500000000002 0.10432
1 0.2840625 0.255005 0.034375000000000044 0.096944
1 0.2834375 0.40569049999999995 0.02562500000000001 0.092729
1 0.3571875 0.0832455 0.029374999999999984 0.069547
1 0.40218750000000003 0.0821915 0.02437499999999998 0.07586899999999999
1 0.4453125 0.08535300000000001 0.024375000000000036 0.061116
1 0.48843749999999997 0.0832455 0.023125000000000007 0.065331
1 0.5296875 0.0832455 0.023125000000000062 0.069547
1 0.5646875 0.086407 0.024375000000000036 0.071654
1 0.6018749999999999 0.0874605 0.018749999999999933 0.073761
1 0.6390625000000001 0.08851450000000001 0.01937500000000003 0.067439
1 0.6703125 0.092729 0.018124999999999947 0.05900999999999999
1 0.70375 0.08956799999999998 0.020000000000000018 0.056901999999999994
1 0.7365625 0.09483650000000002 0.016874999999999973 0.063225
1 0.7684375 0.093783 0.016874999999999973 0.056901999999999994
1 0.7953125000000001 0.09167499999999999 0.01937500000000003 0.056901999999999994
1 0.8228125 0.0985245 0.020625000000000004 0.060063
1 0.8496874999999999 0.09483650000000002 0.013124999999999942 0.063225
1 0.8759375 0.09536349999999999 0.016874999999999973 0.049525
1 0.8990625 0.09747099999999999 0.01187500000000008 0.049526
1 0.9246875 0.10274000000000001 0.014375000000000027 0.047418
1 0.9453125 0.10273950000000001 0.014375000000000027 0.051633
1 0.9696875 0.10274000000000001 0.01937500000000003 0.047418
1 0.98875 0.1037935 0.016249999999999987 0.057955
