1 0.190991 0.4033784999999999 0.023424 0.03108099999999997
1 0.197297 0.677027 0.021621999999999975 0.029729999999999927
1 0.197297 0.5702699999999999 0.019820000000000004 0.024323999999999905
1 0.2247745 0.6952705 0.015314999999999995 0.10945899999999999
1 0.22792800000000002 0.5810810000000001 0.021622000000000002 0.10540600000000001
1 0.232432 0.477027 0.01801799999999998 0.09189200000000003
1 0.3626125 0.643243 0.040540999999999994 0.07027000000000005
1 0.3635135 0.42432450000000005 0.03873899999999997 0.064865
1 0.3635135 0.7662165000000001 0.03873899999999997 0.05135100000000003
1 0.3635135 0.5331079999999999 0.036937 0.055405999999999955
1 0.364865 0.8790539999999999 0.03603599999999996 0.060810000000000024
1 0.41621600000000003 0.5472975 0.014413999999999982 0.027026999999999916
1 0.4166665 0.4452705 0.013512999999999997 0.031081000000000025
1 0.41711699999999996 0.38310849999999996 0.014413999999999982 0.022972999999999966
1 0.418018 0.6608105 0.012611999999999957 0.03513500000000003
1 0.4193695 0.8905405000000001 0.015314999999999968 0.02432500000000004
1 0.4184685 0.773649 0.011710999999999971 0.025676000000000032
1 0.44774749999999996 0.4040545 0.01261300000000004 0.01891900000000002
1 0.4486485 0.4662165 0.00900899999999999 0.018918999999999964
1 0.45180149999999997 0.9020270000000001 0.015315000000000023 0.025676000000000032
1 0.4513515 0.5648644999999999 0.012612999999999985 0.035134999999999916
1 0.45270299999999997 0.6756755000000001 0.00991000000000003 0.01891900000000002
1 0.454054 0.7905405 0.010809999999999986 0.02432500000000004
1 0.479279 0.2236485 0.03783799999999998 0.08513500000000002
1 0.48873900000000003 0.30202700000000005 0.029730000000000034 0.041891999999999985
1 0.4905405 0.4087835 0.033332999999999946 0.05540499999999999
1 0.4945945 0.510811 0.014414999999999956 0.04594600000000004
1 0.4995495 0.606081 0.015314999999999968 0.05000000000000004
1 0.500901 0.7155404999999999 0.012611999999999957 0.03648700000000005
1 0.5036039999999999 0.9358105 0.01801799999999998 0.052702999999999944
1 0.504054 0.8236490000000001 0.017117999999999967 0.05810799999999994
1 0.636937 0.580405 0.010809999999999986 0.012162000000000006
1 0.6396394999999999 0.6736489999999999 0.005404999999999993 0.012161999999999895
1 0.6450450000000001 0.8709460000000001 0.014414000000000038 0.028378000000000014
1 0.642793 0.7736485 0.006306000000000034 0.017567
1 0.667117 0.35270250000000003 0.024324000000000012 0.040540999999999994
1 0.6707209999999999 0.4344595 0.026125999999999983 0.03648700000000005
1 0.673874 0.5297295 0.02162200000000003 0.03513500000000003
1 0.6819820000000001 0.618243 0.01801799999999998 0.03648600000000002
1 0.6833335 0.7135135 0.015314999999999968 0.04324300000000003
1 0.6905405 0.8040539999999999 0.013512999999999997 0.03783799999999993
1 0.8824325 0.844595 0.047746999999999984 0.06216200000000005
