1 0.638125 0.7645835000000001 0.0625 0.12583299999999997
1 0.0215625 0.5441665 0.023125 0.05666700000000002
1 0.07125 0.32375 0.034999999999999996 0.07750000000000001
1 0.1221875 0.30874999999999997 0.02812500000000001 0.08249999999999996
1 0.18375000000000002 0.5141665000000001 0.035 0.05166700000000002
1 0.18625000000000003 0.28875 0.0325 0.08083399999999999
1 0.3146875 0.2458335 0.049375 0.10166700000000001
1 0.3934375 0.218333 0.05437500000000001 0.11499999999999999
1 0.485 0.47833349999999997 0.03875000000000001 0.09166700000000005
1 0.5665625000000001 0.47083350000000007 0.04937500000000006 0.10666700000000007
1 0.65625 0.454167 0.0475000000000001 0.10499999999999998
1 0.79375 0.45166700000000004 0.04874999999999996 0.10999999999999999
