1 0.0215625 0.8104165 0.023125 0.19083300000000003
1 0.0421875 0.44583349999999994 0.020624999999999998 0.11333299999999996
1 0.0559375 0.22458349999999996 0.026875000000000003 0.129167
1 0.42374999999999996 0.8058330000000001 0.07124999999999998 0.18999999999999995
1 0.4190625 0.25125000000000003 0.05812499999999998 0.1375
1 0.4209375 0.505417 0.06187500000000001 0.1875
1 0.533125 0.2920835 0.05125000000000002 0.12583299999999997
1 0.5384375 0.525 0.05687500000000001 0.16833400000000007
1 0.5490625 0.8112499999999999 0.06062499999999993 0.17916600000000005
1 0.63375 0.32791699999999996 0.04625000000000001 0.11249999999999999
1 0.6499999999999999 0.5499999999999999 0.04749999999999999 0.16000000000000003
1 0.7325 0.3625 0.04249999999999998 0.09833400000000003
1 0.746875 0.5733335 0.04500000000000004 0.1416670000000001
1 0.7584375 0.8091665 0.04312500000000008 0.151667
1 0.80375 0.39583300000000005 0.03500000000000003 0.08999999999999997
1 0.818125 0.58375 0.03750000000000009 0.130834
1 0.83125 0.809583 0.04375000000000007 0.13750000000000007
1 0.870625 0.42 0.03500000000000003 0.09666599999999997
1 0.8875 0.6 0.039999999999999925 0.12166600000000005
1 0.9315625000000001 0.445 0.03187499999999999 0.09166600000000003
1 0.944375 0.610417 0.02749999999999997 0.11250000000000004
1 0.961875 0.8058335 0.03125 0.11666699999999997
1 0.9768749999999999 0.46208299999999997 0.029999999999999916 0.08749999999999997
1 0.9878125 0.6208335 0.023125000000000062 0.10833300000000001
