1 0.218125 0.4394935 0.09250000000000003 0.089119
1 0.218125 0.28799250000000004 0.046249999999999986 0.06941900000000001
1 0.3846875 0.456848 0.05687500000000001 0.09568399999999999
1 0.3828125 0.70591 0.046875 0.21669799999999995
1 0.5078125 0.7509380000000001 0.06187499999999996 0.12664199999999992
1 0.5062500000000001 0.6149155 0.05625000000000002 0.126641
1 0.4915625 0.491088 0.019374999999999976 0.03846199999999994
1 0.569375 0.6130395000000001 0.05125000000000002 0.11163299999999998
1 0.5762499999999999 0.7490619999999999 0.05500000000000005 0.11538399999999993
1 0.5596875 0.5126645 0.014375000000000027 0.034709000000000045
1 0.6325000000000001 0.749062 0.04999999999999993 0.10787999999999998
1 0.6331249999999999 0.6280484999999999 0.04625000000000001 0.096623
1 0.6187499999999999 0.53424 0.006249999999999978 0.038461999999999996
