1 0.2160155 0.4307295 0.08203100000000002 0.203125
1 0.2253905 0.12083300000000001 0.063281 0.09375
1 0.278906 0.697917 0.06406200000000001 0.14375000000000004
1 0.458984 0.21510400000000005 0.06015599999999999 0.151042
1 0.46484400000000003 0.4619795 0.06406200000000001 0.178125
1 0.4714845 0.6989584999999999 0.061719000000000024 0.135417
1 0.6375 0.0734375 0.051562 0.11979100000000002
1 0.6558595 0.268229 0.05703099999999994 0.148958
1 0.6726559999999999 0.498958 0.05468799999999996 0.15625
1 0.6835935 0.7041665 0.04531300000000005 0.12916700000000003
1 0.788281 0.43177099999999996 0.03125 0.138542
1 0.895313 0.6901039999999999 0.043749999999999956 0.13229199999999997
