1 0.026875 0.297917 0.03625 0.08250000000000002
1 0.073125 0.6408335 0.04125 0.10333300000000001
1 0.08625 0.45625 0.041249999999999995 0.09916599999999998
1 0.09718750000000001 0.3020835 0.031875 0.08416699999999999
1 0.1596875 0.31916649999999996 0.010624999999999996 0.091667
1 0.79125 0.16874999999999998 0.053749999999999964 0.109166
1 0.8090625 0.3733335 0.05312499999999998 0.10666700000000001
1 0.8209375 0.60875 0.05437500000000006 0.12250000000000005
1 0.870625 0.3791665 0.03749999999999998 0.10333300000000001
1 0.88625 0.605833 0.03875000000000006 0.12
