1 0.36343749999999997 0.7679165 0.023125000000000007 0.0741670000000001
1 0.3765625 0.6391665000000001 0.013124999999999998 0.05166700000000002
1 0.39156250000000004 0.7495835000000001 0.021875000000000033 0.08583299999999994
1 0.4015625 0.5995834999999999 0.021874999999999978 0.06916700000000009
1 0.4165625 0.7229164999999999 0.028124999999999956 0.09083300000000005
1 0.425 0.45541649999999995 0.016249999999999987 0.07916699999999999
1 0.4296875 0.575417 0.02312499999999995 0.07250000000000001
1 0.4496875 0.6945830000000001 0.01687500000000003 0.09249999999999992
1 0.4565625 0.5333335 0.023125000000000007 0.088333
1 0.4603125 0.4033335 0.015625 0.06833299999999998
1 0.4965625 0.33375 0.023125000000000062 0.09750000000000003
1 0.503125 0.49249999999999994 0.031250000000000056 0.10166599999999998
1 0.4953125 0.6670835 0.013124999999999942 0.089167
1 0.5771875 0.264167 0.055625000000000036 0.09999999999999998
1 0.5975 0.635 0.07250000000000001 0.1499999999999999
1 0.5871875 0.43916700000000003 0.04937499999999995 0.09500000000000003
1 0.6859375 0.3170835 0.026874999999999982 0.07583299999999998
1 0.7075 0.4575 0.036250000000000004 0.10499999999999998
1 0.73125 0.66 0.04249999999999998 0.15833399999999997
1 0.7459374999999999 0.352917 0.020625000000000004 0.07750000000000001
1 0.7703125 0.5033329999999999 0.02312499999999995 0.07999999999999996
1 0.788125 0.67125 0.04749999999999999 0.119166
1 0.796875 0.39833349999999995 0.030000000000000027 0.06833299999999998
1 0.81375 0.5329165 0.025000000000000022 0.07916699999999999
1 0.8465625 0.432083 0.02562500000000001 0.0675
1 0.865625 0.5541665 0.030000000000000027 0.07333300000000009
1 0.8834375 0.4604165 0.016874999999999973 0.06916699999999998
1 0.9112499999999999 0.570417 0.026249999999999996 0.07250000000000001
1 0.9378124999999999 0.6004165 0.02937500000000004 0.07083300000000003
