1 0.94375 0.795028 0.09499999999999997 0.12476600000000003
1 0.168125 0.39821799999999996 0.05375000000000002 0.11163200000000001
1 0.17125 0.208724 0.05250000000000002 0.10788
1 0.27749999999999997 0.7959665000000001 0.10374999999999998 0.12288900000000003
1 0.46625 0.20919300000000002 0.09875 0.10319000000000003
1 0.46875 0.7969045 0.10375000000000001 0.12101300000000004
1 0.46687500000000004 0.39540349999999996 0.09749999999999998 0.11350900000000001
1 0.6443749999999999 0.20778600000000003 0.09625000000000006 0.106004
1 0.6499999999999999 0.39446499999999995 0.09999999999999998 0.11163200000000001
1 0.656875 0.791276 0.10375000000000001 0.12476599999999993
1 0.65375 0.5905255 0.09500000000000008 0.11913699999999994
1 0.77875 0.7903375000000001 0.05500000000000005 0.12288900000000003
1 0.8999999999999999 0.206848 0.09750000000000003 0.10788000000000002
1 0.909375 0.39258899999999997 0.10124999999999995 0.11163200000000001
1 0.9181250000000001 0.586773 0.10124999999999995 0.11163199999999995
