1 0.00375 0.4632765 0.0075 0.016948999999999992
1 0.013125000000000001 0.46139399999999997 0.00625 0.009416000000000035
1 0.0234375 0.46233499999999994 0.006874999999999999 0.01883199999999996
1 0.037500000000000006 0.46233499999999994 0.006249999999999999 0.015066000000000024
1 0.0528125 0.46233549999999995 0.016875 0.011299000000000003
1 0.35468750000000004 0.5136535 0.018125000000000002 0.025422999999999973
1 0.3853125 0.5183615 0.03312499999999996 0.02354100000000003
1 0.4290625 0.5164785000000001 0.04062500000000002 0.023540999999999923
1 0.4659375 0.5193035 0.020625000000000004 0.021657000000000037
1 0.4640625 0.5654425 0.015625 0.031073000000000017
1 0.4890625 0.51742 0.015625 0.021657999999999955
1 0.5096875 0.5155365 0.015625 0.01789099999999999
1 0.5284375 0.5155365 0.014375000000000027 0.01789099999999999
