1 0.210667 0.121 0.09999999999999998 0.186
1 0.216667 0.015 0.09599999999999997 0.03
1 0.4263335 0.3525 0.156667 0.181
1 0.42633350000000003 0.0455 0.13133299999999998 0.091
1 0.428333 0.1865 0.13 0.16300000000000003
1 0.5516665000000001 0.368 0.055332999999999966 0.15000000000000002
1 0.5509999999999999 0.05499999999999999 0.04599999999999993 0.10999999999999999
1 0.555333 0.19700000000000004 0.040000000000000036 0.14200000000000002
1 0.620667 0.06 0.040000000000000036 0.12
1 0.6373335 0.37799999999999995 0.03733300000000006 0.15000000000000002
1 0.7170000000000001 0.0825 0.08066600000000002 0.099
1 0.739 0.39199999999999996 0.08600000000000008 0.15599999999999997
1 0.744667 0.006999999999999999 0.05599999999999994 0.013999999999999999
1 0.8276669999999999 0.027499999999999997 0.04999999999999993 0.05499999999999999
