1 0.34468750000000004 0.8875000000000001 0.06937500000000002 0.135
1 0.14500000000000002 0.7983329999999998 0.04250000000000001 0.10499999999999998
1 0.144375 0.644167 0.03875000000000001 0.10999999999999999
1 0.145625 0.4975 0.04125000000000001 0.09333399999999997
1 0.244375 0.9241670000000001 0.08624999999999997 0.15000000000000002
1 0.2471875 0.7570834999999999 0.09187500000000001 0.13583299999999998
1 0.24562499999999998 0.441667 0.07625000000000001 0.12500000000000006
1 0.24624999999999997 0.60125 0.07249999999999998 0.12750000000000006
1 0.34843749999999996 0.38291650000000005 0.05437500000000001 0.11583299999999996
1 0.34843749999999996 0.5512499999999999 0.044375 0.12083399999999994
1 0.52 0.39583300000000005 0.036250000000000004 0.10999999999999999
1 0.5240625 0.55625 0.03312500000000007 0.12083399999999994
1 0.5384374999999999 0.7191664999999999 0.051875000000000004 0.146667
1 0.5446875 0.8908335 0.05437500000000006 0.156667
1 0.613125 0.474167 0.053749999999999964 0.11499999999999999
1 0.6409374999999999 0.7745835 0.055624999999999925 0.12416700000000003
1 0.6478124999999999 0.9375 0.06187500000000001 0.11833399999999994
1 0.6365624999999999 0.6379165000000001 0.020625000000000004 0.0841670000000001
1 0.68625 0.5233335 0.04500000000000004 0.10333299999999995
1 0.6846875 0.6662499999999999 0.016874999999999973 0.08583399999999997
1 0.708125 0.82125 0.04499999999999993 0.120834
1 0.7046875 0.6829170000000001 0.018124999999999947 0.0774999999999999
1 0.7475 0.707917 0.015000000000000013 0.07250000000000001
1 0.7740625 0.8558330000000001 0.05812499999999998 0.135
1 0.7690625 0.72375 0.016874999999999973 0.07416599999999995
1 0.7996875 0.7404164999999999 0.016874999999999973 0.06916699999999998
1 0.8296875 0.8770835 0.055625000000000036 0.12583299999999997
