1 0.8186365 0.626214 0.15884900000000002 0.16019400000000006
1 0.030019 0.5861649999999999 0.022514 0.03478999999999999
1 0.0303315 0.720469 0.013132999999999999 0.04126200000000003
1 0.0325205 0.652508 0.017511 0.03964400000000001
1 0.031582 0.7892395 0.010631999999999999 0.04126300000000005
1 0.0656665 0.71966 0.017511 0.04288000000000003
1 0.0662915 0.588592 0.018761 0.03964400000000001
1 0.0662915 0.6541259999999999 0.016261000000000005 0.04288000000000003
1 0.065979 0.7884305 0.011881999999999997 0.046116999999999964
1 0.204503 0.196602 0.17010599999999998 0.084142
1 0.2048155 0.30987050000000005 0.13821100000000003 0.09870499999999997
1 0.2048155 0.44862450000000004 0.13570900000000002 0.09951499999999996
1 0.2126325 0.5974920000000001 0.14884299999999998 0.09789599999999998
1 0.4136965 0.46642399999999995 0.14071300000000003 0.11893199999999997
1 0.419012 0.333333 0.15134400000000003 0.10679600000000002
1 0.419012 0.5930420000000001 0.14634199999999997 0.10679600000000002
1 0.5472170000000001 0.6282365000000001 0.022514000000000034 0.07686099999999996
1 0.5600375 0.502427 0.03439700000000001 0.07767000000000002
1 0.5884929999999999 0.3875405 0.05753599999999992 0.05663499999999999
1 0.598499 0.49676400000000004 0.0262659999999999 0.07605200000000001
1 0.6022514999999999 0.635922 0.023764999999999925 0.07928800000000003
1 0.681676 0.39482199999999995 0.025016000000000038 0.05825199999999997
1 0.6894935 0.6427995 0.03814899999999999 0.07524300000000006
1 0.6823015 0.512136 0.021263000000000032 0.07281600000000005
1 0.7592245 0.372573 0.04002499999999998 0.06553399999999998
1 0.7582865 0.48139200000000004 0.03189500000000001 0.05177999999999999
1 0.8186365 0.37338199999999994 0.04627899999999996 0.06715199999999999
1 0.8145715 0.4822005000000001 0.03314499999999998 0.056635000000000046
1 0.8671045 0.382282 0.045653000000000055 0.06715199999999999
1 0.868355 0.48786399999999996 0.03939999999999999 0.05178000000000004
1 0.9415260000000001 0.632282 0.036897999999999986 0.09304200000000007
1 0.9562225 0.396036 0.05628500000000003 0.09142399999999995
