1 0.573125 0.0494445 0.013749999999999929 0.047777
1 0.595 0.23944449999999998 0.016249999999999987 0.063333
1 0.59625 0.14277749999999997 0.016249999999999987 0.06111099999999999
1 0.596875 0.044444500000000005 0.01749999999999996 0.066667
1 0.6415625 0.32388900000000004 0.02312499999999995 0.05444399999999999
1 0.6428125 0.1311115 0.02562500000000001 0.07111100000000001
1 0.6403125000000001 0.2272225 0.018125000000000058 0.061111
1 0.6671875 0.22 0.018125000000000058 0.057777999999999996
1 0.6671875 0.323889 0.018125000000000058 0.067778
1 0.6690625 0.1244445 0.01937499999999992 0.07111100000000001
1 0.6928125 0.12000000000000001 0.018125000000000058 0.062222
1 0.6946874999999999 0.2177775 0.021874999999999978 0.06666699999999998
1 0.6975 0.31555550000000004 0.018750000000000044 0.07111099999999998
1 0.7384375 0.0994445 0.016874999999999973 0.05666700000000001
1 0.7390625 0.198333 0.018125000000000058 0.07222200000000001
1 0.7678125 0.1916665 0.026874999999999982 0.07666700000000001
1 0.7671875 0.088889 0.023125000000000062 0.07333400000000001
1 0.7934375 0.08777750000000001 0.01937500000000003 0.07111100000000001
1 0.7953125 0.186111 0.018124999999999947 0.065556
1 0.8521875 0.06055550000000001 0.024375000000000036 0.07444500000000001
1 0.8521875 0.166667 0.024375000000000036 0.08222199999999999
1 0.8559375 0.278889 0.02562500000000001 0.07999999999999999
1 0.8609374999999999 0.605 0.030625000000000013 0.07000000000000006
1 0.8815625 0.0594445 0.02562500000000001 0.076667
1 0.8846875000000001 0.155 0.021874999999999978 0.076666
1 0.8871875 0.268889 0.021874999999999978 0.06444400000000003
1 0.8953125 0.6016665 0.02312499999999995 0.06333300000000008
