1 0.014905 0.877367 0.02981 0.03606799999999999
1 0.025745 0.626691 0.028003999999999998 0.03246199999999999
1 0.025745 0.9368799999999999 0.028003999999999998 0.030657999999999963
1 0.034778500000000004 0.6871054999999999 0.028002999999999997 0.03246099999999996
1 0.0460705 0.7484219999999999 0.028907000000000002 0.041478000000000015
1 0.056459 0.81064 0.035230000000000004 0.03606799999999999
1 0.0682025 0.8710549999999999 0.022582999999999992 0.030657999999999963
1 0.0822045 0.929666 0.028906999999999988 0.037871999999999906
1 0.09981899999999999 0.597836 0.01897 0.03246199999999999
1 0.10975599999999999 0.660505 0.01174399999999999 0.044184
1 0.11833800000000001 0.7186655 0.009034 0.03606900000000002
1 0.1323395 0.7723175 0.011743000000000003 0.02254299999999998
1 0.13911500000000002 0.839495 0.005420000000000008 0.03606799999999999
1 0.4141825 0.962128 0.029811000000000032 0.04328200000000004
1 0.5794940000000001 0.3926965 0.013550000000000062 0.027953000000000006
1 0.7073170000000001 0.7971145 0.04155399999999998 0.030659000000000103
1 0.700542 0.31695249999999997 0.01354999999999995 0.02795299999999995
1 0.7190605 0.06672700000000001 0.03974699999999998 0.032462000000000005
1 0.721319 0.119928 0.02800400000000003 0.036068
1 0.7908765000000001 0.78945 0.04787699999999995 0.03336399999999995
1 0.7886179999999999 0.738954 0.037939999999999974 0.026149999999999896
1 0.8288165 0.307484 0.01716299999999993 0.03606799999999999
1 0.870822 0.774572 0.036134 0.030657999999999963
1 0.966125 0.435978 0.01896999999999993 0.024346000000000034
