1 0.070833 0.688125 0.075 0.06374999999999997
1 0.08083349999999999 0.596875 0.086667 0.06500000000000006
1 0.09125000000000001 0.5259375 0.07916600000000001 0.07687499999999997
1 0.0979165 0.4396875 0.089167 0.085625
1 0.114167 0.3196875 0.08 0.109375
1 0.21291650000000004 0.7906249999999999 0.10416700000000001 0.09750000000000003
1 0.21958350000000001 0.6590625 0.10916699999999997 0.07062499999999994
1 0.2325 0.56875 0.111666 0.08374999999999999
1 0.23833300000000002 0.3984375 0.10000000000000002 0.10562499999999997
1 0.24375000000000002 0.483125 0.08916600000000001 0.06375000000000003
1 0.24958349999999999 0.2553125 0.09583299999999999 0.109375
1 0.38833350000000005 0.5334375 0.13166699999999998 0.08187499999999998
1 0.38708349999999997 0.6365625 0.12083300000000002 0.07687500000000003
1 0.38833349999999994 0.21500000000000002 0.12333300000000003 0.12125
1 0.394167 0.7871874999999999 0.13 0.12437500000000001
1 0.3908335 0.43281250000000004 0.11833300000000002 0.085625
1 0.39291649999999995 0.3465625 0.11416700000000002 0.114375
1 0.6708335000000001 0.7690625 0.13666699999999998 0.109375
1 0.765 0.26375000000000004 0.09333400000000003 0.11625000000000002
1 0.790417 0.3890625 0.10750000000000004 0.10062500000000002
1 0.7937499999999998 0.47625000000000006 0.09583400000000009 0.07375000000000004
1 0.8075000000000001 0.5625 0.10499999999999998 0.07499999999999996
1 0.8291665 0.6581250000000001 0.11166699999999996 0.07500000000000007
1 0.8450000000000001 0.77875 0.09333400000000003 0.09375
1 0.8691665 0.1271875 0.11833299999999991 0.10937500000000001
1 0.8929170000000001 0.226875 0.10249999999999992 0.11499999999999999
1 0.916667 0.3303125 0.10000000000000009 0.13687499999999997
1 0.92625 0.41218750000000004 0.09583399999999997 0.06437500000000002
1 0.9637500000000001 0.0678125 0.07083400000000006 0.11812499999999998
1 0.9637500000000001 0.6103125 0.07083400000000006 0.06812499999999999
1 0.9729169999999999 0.188125 0.05249999999999999 0.10250000000000001
1 0.9820835 0.2953125 0.03416700000000006 0.10437499999999997
