1 0.1578125 0.61125 0.013124999999999998 0.03416600000000003
1 0.1846875 0.6966665000000001 0.020625000000000004 0.036667000000000005
1 0.1921875 0.58625 0.021875000000000006 0.03583400000000003
1 0.22218749999999998 0.5658335 0.02562499999999998 0.043333000000000066
1 0.2540625 0.6791665 0.02687500000000001 0.05666700000000002
1 0.2596875 0.5416665 0.03312499999999999 0.06666699999999992
1 0.311875 0.49791699999999994 0.044999999999999984 0.07249999999999995
1 0.3784375 0.6508335 0.05937500000000001 0.08333299999999999
1 0.38249999999999995 0.4475 0.065 0.09666600000000003
1 0.4846875 0.3779165 0.09312500000000001 0.11583300000000002
1 0.4925 0.6174999999999999 0.07750000000000001 0.09166599999999991
1 0.6478125 0.27458350000000004 0.14812500000000006 0.17083299999999998
1 0.6990625 0.5679165 0.08812500000000001 0.1308330000000001
1 0.8912500000000001 0.515 0.11875000000000002 0.16166599999999992
1 0.98875 0.48458300000000004 0.02124999999999999 0.14250000000000002
