1 0.547037 0.5900000000000001 0.0047040000000000415 0.028749999999999942
1 0.55127 0.5353125 0.0075260000000000335 0.034375000000000044
1 0.552211 0.47687500000000005 0.005643999999999982 0.028749999999999998
1 0.5536220000000001 0.5321875 0.008465999999999974 0.03437499999999993
1 0.555033 0.5875 0.005643999999999982 0.023749999999999938
1 0.557385 0.4709375 0.0047040000000000415 0.030625000000000013
1 0.5616180000000001 0.4709375 0.013170000000000015 0.030625000000000013
1 0.561148 0.585 0.002821999999999991 0.028749999999999942
1 0.562559 0.46499999999999997 0.005643999999999982 0.028749999999999998
1 0.562559 0.526875 0.005643999999999982 0.03374999999999995
1 0.567733 0.5234375 0.0047039999999999305 0.034375000000000044
1 0.570555 0.5840624999999999 0.0047040000000000415 0.030625000000000013
1 0.571966 0.4609375 0.0075260000000000335 0.030625000000000013
1 0.575729 0.5175000000000001 0.005643999999999982 0.036250000000000004
1 0.579492 0.453125 0.0018819999999999393 0.03249999999999997
1 0.579492 0.5834375 0.0018819999999999393 0.03562499999999991
1 0.5846659999999999 0.5125 0.002821999999999991 0.036250000000000004
1 0.5870179999999999 0.44625000000000004 0.0018820000000000505 0.028749999999999998
1 0.5945440000000001 0.5081249999999999 0.0075260000000000335 0.03749999999999998
1 0.5945440000000001 0.5800000000000001 0.0075260000000000335 0.03749999999999998
1 0.595955 0.4365625 0.010348000000000024 0.030625000000000013
1 0.606303 0.6046875 0.010348000000000024 0.03562500000000002
1 0.6105360000000001 0.531875 0.013170000000000015 0.02750000000000008
1 0.6133585 0.46625 0.0018810000000000215 0.03249999999999997
1 0.620414 0.5996875 0.012229999999999965 0.03562500000000002
1 0.620884 0.5290625 0.0075259999999999225 0.03562500000000002
1 0.622295 0.4584375 0.010348000000000024 0.034375000000000044
1 0.62841 0.5996875 0.0075260000000000335 0.03562500000000002
1 0.638758 0.59625 0.013170000000000015 0.04250000000000009
1 0.6335845 0.5215624999999999 0.0009410000000000807 0.03437499999999993
1 0.635466 0.4471875 0.0047040000000000415 0.03187499999999999
1 0.642992 0.515625 0.010348000000000024 0.03624999999999995
1 0.6444030000000001 0.436875 0.0075260000000000335 0.03249999999999997
1 0.65334 0.5071875 0.010348000000000024 0.03937499999999999
1 0.65381 0.5915625 0.0075259999999999225 0.04437500000000005
1 0.6585135 0.42500000000000004 0.005645000000000011 0.03875000000000001
1 0.668391 0.495 0.010348000000000024 0.04249999999999998
1 0.667921 0.5865625 0.005643999999999982 0.04437500000000005
1 0.6726249999999999 0.41125 0.0075260000000000335 0.036250000000000004
1 0.6876765 0.48625 0.013171000000000044 0.04625000000000001
1 0.6890875000000001 0.393125 0.010349000000000053 0.03749999999999998
1 0.707902 0.433125 0.010348000000000024 0.07500000000000001
1 0.709784 0.5409375000000001 0.010348000000000024 0.03437499999999993
1 0.714017 0.32125000000000004 0.0075259999999999225 0.05624999999999997
1 0.7290690000000001 0.5421875 0.013170000000000015 0.07187500000000002
1 0.73048 0.409375 0.010348000000000024 0.08250000000000002
1 0.7394170000000001 0.28 0.013170000000000015 0.06124999999999997
1 0.7605830000000001 0.5290625 0.010348000000000024 0.078125
1 0.764346 0.37875000000000003 0.010348000000000024 0.09249999999999997
1 0.7681089999999999 0.226875 0.012230000000000074 0.07500000000000004
1 0.798683 0.1859375 0.022577999999999987 0.09562500000000002
1 0.7958609999999999 0.51125 0.0075260000000000335 0.08374999999999999
1 0.802446 0.3434375 0.015052000000000067 0.10062499999999996
1 0.8250235000000001 0.494375 0.015051000000000037 0.09749999999999998
1 0.832079 0.3103125 0.023517999999999928 0.11312500000000003
1 0.834901 0.12937500000000002 0.017873999999999945 0.0925
1 0.8739420000000001 0.470625 0.020696000000000048 0.10750000000000004
1 0.881468 0.25375 0.02822199999999997 0.13999999999999999
1 0.8852305 0.0553125 0.020696999999999965 0.104375
1 0.9506114999999999 0.16749999999999998 0.06114699999999996 0.2125
1 0.9426150000000001 0.43843750000000004 0.02822199999999997 0.14062500000000006
1 0.9543744999999999 0.0059375 0.025398999999999946 0.011875
