1 0.6915625 0.70125 0.06937499999999996 0.10583399999999998
1 0.1765625 0.6895835 0.02312499999999998 0.025832999999999995
1 0.1790625 0.63625 0.02562499999999998 0.025834000000000024
1 0.2709375 0.6420830000000001 0.005624999999999991 0.01749999999999996
1 0.2765625 0.687917 0.009375000000000022 0.022499999999999964
1 0.27875000000000005 0.6354164999999999 0.0025000000000000022 0.02083299999999999
1 0.300625 0.6887500000000001 0.0050000000000000044 0.02749999999999997
1 0.303125 0.63625 0.0050000000000000044 0.025834000000000024
1 0.3140625 0.634583 0.011875000000000024 0.022499999999999964
1 0.3121875 0.6929164999999999 0.005624999999999991 0.025832999999999995
1 0.343125 0.6895835 0.007500000000000007 0.029166999999999943
1 0.38125 0.626667 0.011250000000000038 0.03500000000000003
1 0.39875 0.6945834999999999 0.02124999999999999 0.035833000000000004
1 0.39937500000000004 0.62 0.02250000000000002 0.03499999999999992
1 0.43937499999999996 0.6991670000000001 0.013749999999999984 0.03500000000000003
1 0.4446875 0.620833 0.016874999999999973 0.040000000000000036
1 0.520625 0.689583 0.03499999999999992 0.0675
1 0.5231250000000001 0.57 0.039999999999999925 0.061666
1 0.610625 0.5616669999999999 0.03374999999999995 0.05500000000000005
1 0.6784375 0.5445829999999999 0.05812499999999998 0.07750000000000001
1 0.8159375 0.7062500000000002 0.05437500000000006 0.08250000000000002
1 0.8178125 0.53125 0.055624999999999925 0.08083400000000002
1 0.9253125 0.47166650000000004 0.10187499999999994 0.10333300000000006
1 0.9303125000000001 0.6908335 0.104375 0.10666700000000007
