1 0.116908 0.8459375 0.09275400000000002 0.16937500000000005
1 0.1265705 0.556875 0.07922699999999999 0.14999999999999997
1 0.1299515 0.2965625 0.082125 0.115625
1 0.24106299999999997 0.5640625 0.08212599999999998 0.14187500000000003
1 0.251691 0.85375 0.07632799999999998 0.16749999999999998
1 0.26618400000000003 0.2965625 0.08405800000000002 0.14312499999999997
1 0.36135300000000004 0.575 0.07343 0.17125
1 0.367633 0.8603125 0.08212599999999998 0.166875
1 0.37053150000000007 0.2984375 0.07053100000000001 0.136875
1 0.6294685 0.5665625 0.11884099999999999 0.15062499999999995
1 0.6396135 0.8678125 0.11400899999999993 0.193125
1 0.762802 0.8475 0.09565200000000007 0.14500000000000002
1 0.7507245 0.568125 0.06570100000000001 0.14999999999999997
1 0.8550719999999999 0.5587500000000001 0.07343 0.1825
1 0.889372 0.8475 0.1169079999999999 0.17625000000000002
