1 0.020937499999999998 0.39833300000000005 0.021875 0.09499999999999997
1 0.0990625 0.27624999999999994 0.041874999999999996 0.04583400000000004
1 0.225625 0.42124999999999996 0.065 0.03249999999999997
1 0.246875 0.297083 0.04250000000000001 0.07750000000000001
1 0.3484375 0.294167 0.051875000000000004 0.09000000000000001
1 0.369375 0.414167 0.06125000000000003 0.03500000000000003
1 0.476875 0.28291700000000003 0.040000000000000036 0.03250000000000003
1 0.5484374999999999 0.38458299999999995 0.020625000000000004 0.07750000000000001
1 0.62875 0.42875 0.010000000000000009 0.03750000000000003
1 0.6565624999999999 0.39541699999999996 0.011874999999999969 0.03250000000000003
1 0.6621874999999999 0.43999999999999995 0.020625000000000004 0.015000000000000013
1 0.7046875 0.3866669999999999 0.015625 0.015000000000000013
1 0.7409375 0.42874999999999996 0.013125000000000053 0.034165999999999974
1 0.7703125 0.357917 0.021874999999999978 0.03749999999999998
1 0.786875 0.45833300000000005 0.013749999999999929 0.05499999999999999
1 0.8015625 0.3666665 0.015625 0.05166700000000002
1 0.8421875000000001 0.35708350000000005 0.021874999999999978 0.06416699999999997
1 0.86375 0.450833 0.02124999999999999 0.044999999999999984
1 0.8728125 0.33125 0.020625000000000004 0.025834000000000024
