1 0.6552735000000001 0.5398295 0.029297000000000017 0.14651500000000006
1 0.6948245 0.554054 0.02636699999999992 0.13798000000000005
1 0.757324 0.587482 0.0283199999999999 0.1251779999999999
1 0.792969 0.600996 0.027344000000000035 0.11521999999999999
1 0.8408205 0.6280224999999999 0.019530999999999965 0.12375499999999995
1 0.866211 0.8442390000000001 0.03125 0.140826
1 0.8735355 0.6386915000000001 0.022461000000000064 0.11095299999999997
1 0.902344 0.8527735 0.027344000000000035 0.12944500000000003
1 0.9096679999999999 0.65505 0.024414000000000047 0.10668600000000006
1 0.9350585 0.862731 0.02832100000000004 0.12090999999999996
1 0.945801 0.6749645 0.0283199999999999 0.10668500000000002
