1 0.2103125 0.7575 0.016875 0.063334
1 0.2384375 0.7516664999999999 0.015625 0.06166700000000003
1 0.2796875 0.744583 0.02562500000000001 0.09250000000000003
1 0.31562500000000004 0.7391665 0.028749999999999998 0.10666699999999996
1 0.33125 0.5983330000000001 0.026249999999999996 0.05499999999999994
1 0.35468750000000004 0.7266670000000001 0.023125000000000007 0.1050000000000001
1 0.38093750000000004 0.5725000000000001 0.04562499999999997 0.05499999999999994
1 0.48875 0.595 0.07749999999999996 0.15833399999999997
1 0.6084375 0.5545835 0.09937499999999999 0.18083300000000002
1 0.581875 0.379583 0.04125000000000001 0.08250000000000002
1 0.696875 0.8383330000000001 0.11624999999999996 0.2250000000000001
