1 0.0209505 0.8644464999999999 0.026891 0.03846100000000008
1 0.0234525 0.9545029999999999 0.031895 0.04596599999999995
1 0.058786500000000005 0.9207315 0.03627300000000001 0.032833
1 0.057222999999999996 0.8372419999999999 0.030643999999999998 0.04596600000000006
1 0.089118 0.889775 0.026892 0.042213999999999974
1 0.09412100000000001 0.9826455 0.036898 0.032833
1 0.096623 0.8025325 0.029394000000000003 0.03470899999999999
1 0.12414050000000001 0.9526264999999999 0.038149 0.05347099999999994
1 0.122264 0.782833 0.029394000000000003 0.03283400000000003
1 0.126642 0.8578799999999999 0.03314600000000001 0.03658600000000001
1 0.149781 0.7584424999999999 0.023139999999999994 0.030957000000000016
1 0.154784 0.8306754999999999 0.03314600000000001 0.03658499999999998
1 0.164478 0.9113510000000001 0.03252000000000002 0.040337999999999985
1 0.1779235 0.7345214999999999 0.023138999999999993 0.024390999999999944
1 0.184803 0.8109755000000001 0.029394000000000003 0.03470899999999999
1 0.191995 0.888368 0.03127000000000002 0.04502799999999996
1 0.1985615 0.7181050000000001 0.02313900000000002 0.023452000000000025
1 0.203565 0.9742029999999999 0.03314600000000001 0.042213999999999974
1 0.20481549999999998 0.7790805 0.030645000000000006 0.032833
1 0.215447 0.8527199999999999 0.029393999999999976 0.022514000000000034
1 0.2220135 0.6993435 0.013759000000000021 0.030957000000000016
1 0.2292055 0.934803 0.028143 0.05159400000000003
1 0.234209 0.7631334999999999 0.023139999999999994 0.03658499999999998
1 0.240463 0.8372419999999999 0.023139999999999994 0.030955999999999984
1 0.244528 0.674953 0.02251399999999998 0.029079999999999998
1 0.2542215 0.7368665000000001 0.03189499999999998 0.029081000000000027
1 0.2542215 0.9132270000000001 0.03189499999999998 0.04408999999999996
1 0.2654785 0.8058160000000001 0.026890999999999998 0.024390000000000023
1 0.272045 0.717167 0.021264000000000005 0.025328000000000014
1 0.280488 0.8832079999999999 0.028142 0.038461999999999996
1 0.28549100000000005 0.7875234999999999 0.02063799999999999 0.02720500000000003
1 0.301751 0.8569415 0.024390000000000023 0.03470899999999999
1 0.30675399999999997 0.7645400000000001 0.016886000000000012 0.022513999999999923
1 0.3198875 0.8353655 0.02313900000000002 0.03470899999999999
1 0.34177599999999997 0.8100375 0.023139999999999994 0.040336999999999956
1 0.3771105 0.9606005 0.04002499999999998 0.05816100000000002
1 0.421201 0.8991560000000001 0.03314600000000001 0.04596600000000006
1 0.46748 0.8414634999999999 0.030644000000000005 0.05440900000000004
1 0.5084425 0.785647 0.033770999999999995 0.042213999999999974
1 0.530019 0.737805 0.030644000000000005 0.04596600000000006
1 0.5590995 0.7030955 0.018761000000000028 0.03846100000000008
1 0.5834900000000001 0.66182 0.018762000000000056 0.029079999999999998
1 0.603189 0.9315195000000001 0.04315199999999997 0.07317099999999999
1 0.602564 0.634615 0.014383999999999952 0.02157599999999993
1 0.6213255 0.610694 0.01313299999999995 0.037524
1 0.6422765 0.851782 0.04002499999999998 0.06379000000000001
1 0.6378984999999999 0.5806755 0.015008999999999939 0.01688500000000004
1 0.653221 0.5586304999999999 0.008130000000000082 0.019699000000000022
1 0.6726080000000001 0.7818944999999999 0.03314600000000001 0.05347099999999994
1 0.667292 0.5384615 0.007503999999999955 0.005628999999999995
1 0.6910565 0.9249530000000001 0.04002499999999998 0.07129399999999997
1 0.7051285 0.7106005 0.03189500000000001 0.04596699999999998
1 0.7173235 0.8527205000000001 0.036273 0.061912999999999996
1 0.727017 0.9662289999999999 0.03939999999999999 0.065666
1 0.7263915 0.66182 0.02313900000000002 0.04408999999999996
1 0.7435895 0.62242 0.021263000000000032 0.038461999999999996
1 0.7482800000000001 0.7739214999999999 0.030644000000000005 0.05440900000000004
1 0.7482800000000001 0.8902440000000001 0.030644000000000005 0.06754199999999999
1 0.7601625000000001 0.589587 0.019386999999999932 0.038461999999999996
1 0.7732955 0.801595 0.021889000000000047 0.04784200000000005
1 0.7723575 0.5576925 0.017510999999999943 0.017823000000000033
1 0.7845525 0.5328330000000001 0.019387000000000043 0.024389999999999915
1 0.788931 0.7471855000000001 0.020638000000000045 0.03846099999999997
1 0.7973735 0.49906150000000005 0.008754999999999957 0.011256999999999961
1 0.810819 0.964353 0.03314600000000001 0.065666
1 0.8051905 0.7049715 0.019387000000000043 0.03470899999999999
1 0.805191 0.48123849999999996 0.014383999999999952 0.009380999999999973
1 0.8202 0.660882 0.024390000000000023 0.02720400000000001
1 0.8170735 0.5703565 0.015635000000000066 0.026266999999999933
1 0.8155095 0.4615385 0.008755000000000068 0.005628999999999995
1 0.8289555 0.8635085 0.025640999999999914 0.04033700000000007
1 0.827392 0.55394 0.015009999999999968 0.025328000000000014
1 0.827392 0.620544 0.015009999999999968 0.02720400000000001
1 0.8358345 0.596154 0.019386999999999932 0.025328000000000014
1 0.8467795 0.803002 0.027517000000000014 0.058162000000000054
1 0.8414634999999999 0.501407 0.01313299999999995 0.04596600000000001
1 0.8480300000000001 0.5684805 0.015010000000000079 0.030018999999999907
1 0.8536585 0.7556285 0.013759000000000077 0.025329000000000042
1 0.858974 0.5192305 0.014383999999999952 0.032833
1 0.865228 0.709662 0.014383999999999952 0.025328000000000014
1 0.8702315 0.665572 0.016884999999999928 0.02157599999999993
1 0.8780490000000001 0.631801 0.016260000000000052 0.01969999999999994
1 0.9183865 0.7809565 0.08943100000000004 0.424953
1 0.8864920000000001 0.6097565 0.020638000000000045 0.03189500000000001
1 0.901188 0.553002 0.018761999999999945 0.023452000000000025
1 0.9787365 0.9488745000000001 0.02001300000000006 0.03846099999999997
1 0.9831145 0.8827395 0.018761000000000028 0.02814300000000003
1 0.9837400000000001 0.8297370000000001 0.02001200000000003 0.01969999999999994
1 0.9843649999999999 0.7767354999999999 0.018762000000000056 0.01688500000000004
1 0.9862415 0.738743 0.01500900000000005 0.03658600000000001
1 0.9862415 0.70591 0.012507000000000046 0.029079999999999998
1 0.9881175 0.6308634999999999 0.008755000000000068 0.032833
