1 0.030000000000000002 0.512664 0.05 0.09099400000000002
1 0.0325 0.359287 0.05 0.08067600000000003
1 0.035625000000000004 0.215291 0.04625 0.08911800000000003
1 0.07718749999999999 0.05769250000000001 0.08562499999999999 0.072233
1 0.0875 0.5192305 0.039999999999999994 0.09287099999999998
1 0.095625 0.36772950000000004 0.03875000000000001 0.07692300000000002
1 0.0975 0.21575950000000002 0.039999999999999994 0.07317099999999999
1 0.1903125 0.6355535000000001 0.06937499999999999 0.11726100000000006
1 0.1990625 0.2729835 0.073125 0.099437
1 0.19874999999999998 0.45403400000000005 0.05000000000000002 0.13508400000000004
1 0.271875 0.628049 0.05749999999999997 0.12476600000000003
1 0.27125 0.453096 0.040000000000000036 0.10881799999999997
1 0.275625 0.29315199999999997 0.040000000000000036 0.10225199999999998
1 0.27875 0.12007499999999999 0.04125000000000001 0.060038
1 0.34281249999999996 0.7884615 0.07187499999999997 0.11163299999999998
1 0.344375 0.4742024999999999 0.058750000000000024 0.13977499999999998
1 0.346875 0.6224205 0.06125000000000003 0.11726099999999993
1 0.34875 0.30863050000000003 0.0625 0.10131300000000006
1 0.4084375 0.766417 0.023125000000000007 0.10881799999999997
1 0.4134375 0.6233580000000001 0.02562500000000001 0.11163200000000008
1 0.4165625 0.475141 0.01937500000000003 0.10412800000000005
1 0.4184375 0.32598499999999997 0.023125000000000007 0.09849999999999998
1 0.4403125 0.738274 0.018125000000000002 0.08817999999999993
1 0.4459375 0.35741100000000003 0.016874999999999973 0.084428
1 0.4475 0.6163230000000001 0.016249999999999987 0.08630400000000005
1 0.44499999999999995 0.4934335 0.007500000000000007 0.09756099999999995
1 0.4653125 0.49530950000000007 0.018125000000000002 0.07504699999999997
1 0.4934375 0.6383675000000001 0.015625 0.049718999999999965
1 0.49406249999999996 0.728893 0.011875000000000024 0.065666
1 0.49531249999999993 0.5520635 0.014374999999999971 0.05347099999999994
1 0.5103125 0.7204505 0.015625 0.060037000000000014
1 0.50875 0.631801 0.010000000000000009 0.05159400000000003
1 0.5140625 0.5539400000000001 0.013125000000000053 0.05347000000000002
1 0.525625 0.6364915 0.010000000000000009 0.03846100000000008
1 0.52625 0.7106005 0.011249999999999982 0.051594999999999946
1 0.52875 0.5605065000000001 0.011250000000000093 0.04033700000000007
1 0.5396875000000001 0.6327389999999999 0.010624999999999996 0.042214000000000085
1 0.5421875 0.707786 0.008125000000000049 0.04596599999999995
1 0.5428125 0.5605065000000001 0.0068749999999999645 0.04033700000000007
