1 0.0509375 0.44250000000000006 0.058125 0.135
1 0.1196875 0.4175 0.051875000000000004 0.14
1 0.18406250000000002 0.745 0.05687499999999998 0.15333400000000008
1 0.45281249999999995 0.4229165 0.05937500000000001 0.13916699999999999
1 0.45687500000000003 0.82375 0.065 0.2875
1 0.585 0.49416699999999997 0.03874999999999995 0.09999999999999998
1 0.6756249999999999 0.534583 0.03500000000000003 0.09749999999999998
1 0.7584375 0.7129165 0.024375000000000036 0.12416700000000003
1 0.7984374999999999 0.58625 0.01937500000000003 0.08750000000000002
1 0.8028124999999999 0.715 0.02312499999999995 0.10333400000000004
1 0.9606250000000001 0.7562500000000001 0.012500000000000067 0.07250000000000001
1 0.9659375 0.8762500000000001 0.015625 0.07583399999999996
1 0.98 0.7604164999999999 0.012499999999999956 0.07083300000000003
