1 0.040625 0.6308334999999999 0.0775 0.07166700000000004
1 0.03 0.7020835000000001 0.04 0.06416699999999997
1 0.03625 0.891667 0.016249999999999997 0.050000000000000044
1 0.053750000000000006 0.7866665 0.03125000000000001 0.053332999999999964
1 0.0684375 0.69875 0.024375 0.06416599999999995
1 0.131875 0.8891665 0.02500000000000001 0.04833299999999996
1 0.1571875 0.7745835 0.02562500000000001 0.060833000000000026
1 0.1665625 0.6816665000000001 0.029374999999999984 0.06333299999999997
1 0.1828125 0.5945835 0.02562499999999998 0.05916700000000008
1 0.265625 0.9020830000000001 0.04874999999999999 0.13249999999999995
1 0.30062500000000003 0.5808334999999999 0.03750000000000003 0.046667000000000014
1 0.308125 0.4816665 0.03375 0.05333300000000002
1 0.3825 0.585 0.040000000000000036 0.066666
1 0.3921875 0.48958300000000005 0.046875 0.04750000000000004
1 0.43656249999999996 0.791667 0.02437499999999998 0.06000000000000005
1 0.44125 0.69625 0.026249999999999996 0.0625
1 0.4490625 0.612917 0.020625000000000004 0.0675
1 0.4540625 0.5179165 0.02562500000000001 0.035833000000000004
1 0.5 0.9474999999999999 0.011249999999999982 0.10333400000000004
1 0.501875 0.6583335 0.009999999999999953 0.05833299999999997
1 0.54 0.7745835 0.008750000000000036 0.03916699999999995
1 0.558125 0.72625 0.030000000000000027 0.06416600000000006
1 0.575 0.8020835000000001 0.008749999999999925 0.0458329999999999
1 0.9596875 0.272917 0.021874999999999978 0.027500000000000024
