1 0.0084375 0.615 0.016875 0.10000000000000009
1 0.0234375 0.236667 0.046875 0.06
1 0.0859375 0.6266664999999999 0.08437499999999999 0.10333300000000001
1 0.1015625 0.2720835 0.04812499999999999 0.06916700000000003
1 0.18312499999999998 0.6395835 0.07625000000000001 0.08416699999999999
1 0.1875 0.302917 0.04625000000000001 0.0625
1 0.2746875 0.6579164999999999 0.05562499999999998 0.07583300000000004
1 0.2896875 0.30333350000000003 0.05437500000000001 0.048333000000000015
1 0.360625 0.3166665 0.048750000000000016 0.06166699999999997
1 0.365 0.6929165 0.040000000000000036 0.08083300000000004
1 0.4146875 0.3425 0.046875 0.06833399999999995
1 0.458125 0.7008329999999999 0.03749999999999998 0.08999999999999997
1 0.48 0.48374999999999996 0.016249999999999987 0.07250000000000001
1 0.5103125 0.39666700000000005 0.025624999999999953 0.040000000000000036
1 0.5193749999999999 0.7095835 0.02375000000000005 0.089167
1 0.555625 0.375 0.03125 0.05500000000000005
1 0.5665625000000001 0.715417 0.02937500000000004 0.07750000000000001
1 0.614375 0.35791649999999997 0.03249999999999997 0.06916700000000003
1 0.6174999999999999 0.758333 0.02375000000000005 0.040000000000000036
1 0.671875 0.32875 0.03374999999999995 0.07250000000000001
1 0.7268749999999999 0.29874999999999996 0.03500000000000003 0.07083400000000001
1 0.786875 0.264583 0.04625000000000001 0.07750000000000001
1 0.9021874999999999 0.19000000000000003 0.05312499999999998 0.09833399999999998
