1 0.101019 0.68125 0.14601 0.55125
1 0.1290325 0.275625 0.10865899999999999 0.15374999999999997
1 0.305603 0.680625 0.15110400000000002 0.56375
1 0.317063 0.23875000000000002 0.11799599999999999 0.22375000000000003
1 0.4957555 0.23125 0.11884499999999991 0.2525
1 0.509338 0.6803125 0.13242799999999993 0.566875
1 0.693124 0.24312499999999998 0.13667200000000002 0.21874999999999997
1 0.705433 0.6828125 0.152802 0.5756249999999999
1 0.872666 0.2296875 0.1307299999999999 0.249375
1 0.9138370000000001 0.67875 0.170628 0.55375
