1 0.06125 0.5149315 0.06125 0.11460899999999996
1 0.07125000000000001 0.051251 0.041249999999999995 0.06699
1 0.1196875 0.6670699999999999 0.07187500000000001 0.15092800000000006
1 0.1225 0.4184824999999999 0.06375000000000001 0.12510099999999996
1 0.131875 0.15738500000000002 0.05875000000000001 0.10815200000000001
1 0.1278125 0.041969000000000006 0.04562500000000001 0.079096
1 0.183125 0.5121065 0.057499999999999996 0.12025899999999995
1 0.19156250000000002 0.0435835 0.053125000000000006 0.075867
1 0.30874999999999997 0.668281 0.08249999999999996 0.163034
1 0.3075 0.4124295 0.06125000000000003 0.13720699999999997
1 0.3140625 0.14729650000000002 0.050624999999999976 0.097659
1 0.37687499999999996 0.1408395 0.044999999999999984 0.09120299999999999
1 0.5153125000000001 0.087974 0.02937500000000004 0.11299399999999998
1 0.56 0.34543949999999995 0.012500000000000067 0.10169499999999997
1 0.5946875 0.38942699999999997 0.011874999999999969 0.09281599999999994
