1 0.0628515 0.1275 0.099437 0.09249999999999999
1 0.074109 0.07874999999999999 0.091932 0.08374999999999999
1 0.196529 0.36624999999999996 0.14915599999999998 0.11625000000000002
1 0.2012195 0.27718750000000003 0.149155 0.11562500000000003
1 0.21576 0.1984375 0.146342 0.12312500000000001
1 0.227486 0.12687500000000002 0.14352800000000002 0.11250000000000002
1 0.23452150000000002 0.057499999999999996 0.133209 0.1075
1 0.585835 0.08656249999999999 0.08161400000000008 0.09062499999999998
1 0.5924015 0.170625 0.09474700000000003 0.1025
1 0.6041275 0.26875 0.10318899999999999 0.0925
