1 0.0526315 0.7448659999999999 0.068111 0.10268599999999993
1 0.4004125 0.665877 0.10939100000000002 0.17535599999999996
1 0.4287925 0.36808850000000004 0.06501499999999999 0.09478700000000001
1 0.5593395 0.7180095000000001 0.14860699999999993 0.21327099999999996
1 0.5634675 0.2235385 0.08668699999999996 0.134281
1 0.5773995000000001 0.442338 0.11455099999999996 0.17061599999999993
1 0.7373585 0.6469195 0.13519099999999995 0.206951
1 0.742002 0.31042650000000005 0.14241399999999993 0.21011100000000002
1 0.9122805 0.7180095 0.1362230000000001 0.21011100000000002
1 0.9024765 0.21484999999999999 0.11455100000000007 0.170616
