1 0.1140625 0.20125549999999998 0.019375000000000003 0.027615
1 0.13093749999999998 0.24142249999999996 0.016875 0.025940999999999995
1 0.1534375 0.29916299999999996 0.020625000000000004 0.03431000000000001
1 0.1696875 0.34058549999999993 0.021875000000000006 0.02343099999999998
1 0.17781249999999998 0.197908 0.03562499999999999 0.03096199999999999
1 0.1940625 0.245607 0.03187499999999999 0.03096199999999999
1 0.1909375 0.39288700000000004 0.018125000000000002 0.025942000000000017
1 0.20625 0.4280335 0.017499999999999988 0.027615
1 0.2171875 0.308368 0.03187499999999999 0.032636
1 0.223125 0.19874450000000002 0.03875000000000001 0.035983000000000015
1 0.2253125 0.47405850000000005 0.018125000000000002 0.025940999999999995
1 0.2365625 0.3518825 0.031875000000000014 0.03598299999999999
1 0.24031249999999998 0.24560699999999996 0.03437500000000002 0.03431000000000001
1 0.24031249999999998 0.510042 0.014374999999999999 0.015900000000000025
1 0.2578125 0.40878649999999994 0.030625000000000013 0.03598299999999999
1 0.2571875 0.556067 0.019374999999999976 0.024267999999999953
1 0.2665625 0.312134 0.03562499999999999 0.03682000000000002
1 0.271875 0.19497899999999999 0.046249999999999986 0.04016800000000001
1 0.270625 0.44644350000000005 0.03125 0.03263499999999997
1 0.26968749999999997 0.5853555 0.019374999999999976 0.020920999999999967
1 0.279375 0.3577405 0.036250000000000004 0.03430899999999998
1 0.289375 0.2476985 0.04249999999999998 0.04184099999999999
1 0.2884375 0.4974895 0.02812500000000001 0.030962999999999963
1 0.28718750000000004 0.625523 0.018125000000000002 0.025942000000000017
1 0.30125 0.41297100000000003 0.03875000000000001 0.041003999999999985
1 0.2990625 0.6523015 0.020625000000000004 0.020920999999999967
1 0.3046875 0.5334725 0.026874999999999982 0.027614999999999945
1 0.3125 0.3200835 0.04249999999999998 0.03430899999999998
1 0.316875 0.45690400000000003 0.036250000000000004 0.03682000000000002
1 0.3278125 0.19414199999999995 0.04812499999999997 0.038494
1 0.328125 0.364435 0.043749999999999956 0.03431000000000001
1 0.32343750000000004 0.5790794999999999 0.02812500000000001 0.03682099999999999
1 0.33625000000000005 0.511715 0.03375 0.032636
1 0.34375 0.24853549999999996 0.04625000000000001 0.04016700000000001
1 0.3346875 0.6138079999999999 0.025624999999999953 0.032636
1 0.34968750000000004 0.42552300000000004 0.03937499999999999 0.032636
1 0.3484375 0.5472805 0.03187499999999999 0.03514699999999993
1 0.34968750000000004 0.6556485 0.029374999999999984 0.027615000000000056
1 0.3675 0.323431 0.04500000000000004 0.041003999999999985
1 0.3675 0.468201 0.04249999999999998 0.03431000000000001
1 0.3609375 0.6866110000000001 0.021875000000000033 0.03430999999999995
1 0.36687499999999995 0.5945604999999999 0.03375 0.02928900000000001
1 0.38375 0.371548 0.04625000000000001 0.03849400000000003
1 0.388125 0.19079499999999996 0.05249999999999999 0.038494
1 0.38125 0.6288705 0.03375 0.0292889999999999
1 0.385 0.523431 0.036250000000000004 0.03431000000000006
1 0.398125 0.5627615 0.04125000000000001 0.034309000000000034
1 0.3965625 0.673222 0.03562500000000002 0.030961999999999934
1 0.40249999999999997 0.4351465 0.044999999999999984 0.04184100000000002
1 0.406875 0.25020950000000003 0.05125000000000002 0.04016700000000001
1 0.4075 0.709205 0.03250000000000003 0.03430999999999995
1 0.4171875 0.47824300000000003 0.046875 0.041003999999999985
1 0.41375 0.611297 0.03749999999999998 0.030961999999999934
1 0.42562500000000003 0.327615 0.05250000000000005 0.039329999999999976
1 0.42562500000000003 0.646444 0.034999999999999976 0.032636
1 0.435625 0.5393304999999999 0.03749999999999998 0.027615000000000056
1 0.44437499999999996 0.378661 0.048750000000000016 0.041003999999999985
1 0.44156249999999997 0.691632 0.033125000000000016 0.03430999999999995
1 0.448125 0.577406 0.04125000000000001 0.04016799999999998
1 0.4609375 0.19121300000000002 0.06062500000000004 0.041003999999999985
1 0.451875 0.724268 0.03624999999999995 0.030962000000000045
1 0.4640625 0.4464435 0.05062500000000003 0.039331000000000005
1 0.46625 0.6322175 0.03874999999999995 0.03598299999999999
1 0.47625 0.251046 0.057499999999999996 0.05523
1 0.474375 0.49121349999999997 0.044999999999999984 0.04016700000000001
1 0.47562499999999996 0.6661090000000001 0.03750000000000003 0.03514600000000001
1 0.495625 0.33472799999999997 0.05249999999999999 0.04016800000000004
1 0.49124999999999996 0.712552 0.03999999999999998 0.03430999999999995
1 0.49375 0.5539745 0.044999999999999984 0.04184100000000002
1 0.50125 0.7451884999999999 0.03750000000000003 0.03765699999999994
1 0.5096875000000001 0.38828450000000003 0.05312499999999998 0.04016700000000001
1 0.5053125 0.5928869999999999 0.041874999999999996 0.042678000000000105
1 0.52 0.6481174999999999 0.04125000000000001 0.03598299999999999
1 0.5275 0.45690400000000003 0.05249999999999999 0.046862000000000015
1 0.5378125 0.18912149999999997 0.06562500000000004 0.05188300000000002
1 0.533125 0.6874475000000001 0.04125000000000001 0.03598299999999999
1 0.54 0.50795 0.053749999999999964 0.03849400000000003
1 0.54375 0.7376570000000001 0.039999999999999925 0.02928799999999998
1 0.5528125 0.250209 0.05687500000000001 0.04686199999999999
1 0.5565625000000001 0.5753135 0.051875000000000004 0.03765699999999994
1 0.555625 0.77364 0.03749999999999998 0.032636
1 0.5715625 0.338912 0.06312499999999999 0.04853600000000002
1 0.565625 0.615481 0.04874999999999996 0.039329999999999976
1 0.5856250000000001 0.40209200000000006 0.05999999999999994 0.04937199999999997
1 0.580625 0.6740585 0.04749999999999999 0.0359830000000001
1 0.589375 0.7075315 0.04749999999999999 0.03765700000000005
1 0.6028125 0.47280349999999993 0.05687500000000001 0.04351499999999997
1 0.60625 0.7602509999999999 0.04500000000000004 0.03933000000000009
1 0.6112500000000001 0.5217575 0.05500000000000005 0.047698999999999936
1 0.613125 0.7987449999999999 0.04125000000000001 0.03430999999999995
1 0.629375 0.17907950000000003 0.06000000000000005 0.06192500000000001
1 0.6275 0.5924685 0.04874999999999996 0.04184100000000002
1 0.6428125 0.253975 0.06437500000000007 0.049372
1 0.6390625 0.633473 0.05437500000000006 0.045188000000000006
1 0.65625 0.34435150000000003 0.07374999999999998 0.04769899999999999
1 0.65 0.692469 0.05249999999999999 0.04100400000000004
1 0.65875 0.7343095000000001 0.04500000000000004 0.046025000000000094
1 0.6696875 0.41171550000000007 0.06187500000000001 0.05188300000000002
1 0.671875 0.7903765 0.05249999999999999 0.044351000000000036
1 0.6865625 0.4870295 0.06437499999999996 0.051882999999999964
1 0.67875 0.8246860000000001 0.04375000000000007 0.04100400000000004
1 0.6934374999999999 0.5422595 0.06062500000000004 0.05857699999999999
1 0.7090624999999999 0.613389 0.06312499999999999 0.05857800000000002
1 0.7159375 0.660251 0.059374999999999956 0.04686199999999996
1 0.7271875000000001 0.7188285000000001 0.05312499999999998 0.053556999999999966
1 0.7346874999999999 0.170293 0.06562499999999993 0.06276199999999998
1 0.7371875 0.7648535000000001 0.07062499999999994 0.05188300000000002
1 0.7446875 0.2535565 0.06187500000000001 0.06025099999999999
1 0.7559374999999999 0.353138 0.07437499999999997 0.05523
1 0.745 0.8188285 0.050000000000000044 0.05271900000000007
1 0.746875 0.8543930000000001 0.05125000000000002 0.05523
1 0.7671875 0.423431 0.07062499999999994 0.05523
1 0.7778125 0.5046025000000001 0.06187500000000001 0.05188300000000002
1 0.7846875 0.5640165 0.06562500000000004 0.06025099999999994
1 0.7965625000000001 0.640586 0.06562499999999993 0.06276199999999998
1 0.8009375 0.6870295 0.05687500000000001 0.05857699999999999
1 0.8134375 0.7556485 0.06062500000000004 0.05523099999999992
1 0.8203125 0.7920504999999999 0.05437500000000006 0.047698999999999936
1 0.826875 0.8569035 0.04625000000000001 0.04351499999999997
1 0.83125 0.8920505000000001 0.04999999999999993 0.05188300000000002
1 0.8603125 0.164017 0.08187500000000003 0.066946
1 0.869375 0.25104600000000005 0.08000000000000007 0.065272
1 0.87625 0.36066950000000003 0.07625000000000004 0.05355700000000002
1 0.881875 0.43263549999999995 0.08499999999999996 0.06025099999999999
1 0.89125 0.523431 0.08250000000000002 0.06276199999999998
1 0.89625 0.58954 0.07499999999999996 0.08117199999999991
1 0.9021875 0.661925 0.06812499999999999 0.056904000000000066
1 0.9028125 0.7196655 0.06937499999999996 0.06861899999999999
1 0.9140625 0.8351459999999999 0.06687500000000002 0.06527200000000011
1 0.9146875 0.7849374999999998 0.06812499999999999 0.06192500000000001
1 0.9153125 0.8861925000000002 0.06687500000000002 0.05690300000000004
1 0.918125 0.930544 0.06125000000000003 0.06694600000000006
