1 0.249031 0.570333 0.155038 0.13
1 0.20155050000000002 0.75 0.04069700000000001 0.04133399999999998
1 0.27761600000000003 0.399 0.12693800000000002 0.09266599999999997
1 0.24903099999999997 0.75 0.06007799999999999 0.04133399999999998
1 0.299903 0.7516665 0.037790000000000046 0.04066700000000001
1 0.417636 0.7533335 0.034884000000000026 0.041333000000000064
1 0.5048449999999999 0.5693330000000001 0.139534 0.10399999999999998
1 0.4946705 0.7533335 0.109497 0.041333000000000064
1 0.5077515 0.393 0.124031 0.08333400000000002
1 0.583333 0.7556665 0.03682199999999991 0.03933300000000006
1 0.695252 0.755 0.04747999999999997 0.04066600000000009
1 0.7451550000000001 0.393 0.14147200000000004 0.08733400000000002
1 0.7674415 0.5713334999999999 0.14728699999999995 0.11466699999999996
1 0.75 0.7523335 0.052326000000000095 0.03933300000000006
1 0.8062015 0.7523335 0.044572999999999974 0.03933300000000006
