1 0.23791649999999998 0.8115625 0.04083299999999998 0.12812499999999993
1 0.309583 0.8021875 0.05249999999999999 0.13312500000000005
1 0.32541650000000005 0.16843750000000002 0.034167 0.06812500000000002
1 0.5012500000000001 0.8109375 0.07083400000000001 0.150625
1 0.6616664999999999 0.369375 0.031667 0.07
1 0.6670835 0.2428125 0.03416699999999995 0.05312499999999998
1 0.6741665 0.5659375 0.03833299999999995 0.07687500000000003
1 0.689167 0.8134375 0.050000000000000044 0.12812499999999993
1 0.8737499999999999 0.353125 0.02749999999999997 0.06124999999999997
1 0.8983335 0.49062500000000003 0.031667 0.06625000000000003
1 0.9554165 0.8253125 0.04583300000000001 0.06687500000000002
