1 0.6853125 0.6925 0.06687500000000002 0.14666599999999996
1 0.0203125 0.439583 0.026875000000000003 0.07750000000000001
1 0.034375 0.6979164999999999 0.034999999999999996 0.08083300000000004
1 0.06343750000000001 0.42541650000000003 0.033125 0.07416700000000004
1 0.0865625 0.65125 0.051875000000000004 0.14583400000000002
1 0.1003125 0.4904165 0.05062499999999999 0.12416699999999997
1 0.115625 0.35375 0.039999999999999994 0.07916600000000001
1 0.1821875 0.645833 0.05687500000000001 0.1499999999999999
1 0.19718750000000002 0.47291700000000003 0.053125000000000006 0.1375
1 0.21125 0.32666649999999997 0.04749999999999999 0.086667
1 0.3675 0.6616665 0.04749999999999999 0.15333300000000005
1 0.371875 0.4991665 0.04125000000000001 0.13666699999999998
1 0.37625 0.3620835 0.034999999999999976 0.08583300000000005
1 0.5165625 0.6825000000000001 0.06687500000000002 0.13833399999999996
1 0.5215625 0.48125 0.06687500000000007 0.120834
1 0.528125 0.1875 0.08000000000000002 0.09666599999999997
1 0.5240625 0.31916649999999996 0.06437500000000002 0.10333300000000001
1 0.6765625 0.4779165 0.06687500000000002 0.12416700000000003
1 0.6771875 0.309583 0.0681250000000001 0.11250000000000004
1 0.6765625 0.1783335 0.06437499999999996 0.10166700000000001
1 0.7821875 0.2595835 0.05812499999999998 0.08083299999999999
1 0.79125 0.40125000000000005 0.07125000000000004 0.1175
1 0.794375 0.624583 0.06999999999999995 0.13250000000000006
1 0.94625 0.2779165 0.05500000000000005 0.07416700000000001
1 0.9571875000000001 0.41916650000000005 0.06187500000000001 0.11166699999999996
