1 0.263876 0.606875 0.03292600000000001 0.04749999999999999
1 0.273754 0.54125 0.02822199999999997 0.04249999999999998
1 0.32267199999999996 0.601875 0.028222000000000025 0.04125000000000001
1 0.329257 0.536875 0.04139200000000004 0.04749999999999999
1 0.39181600000000005 0.5315624999999999 0.03856999999999999 0.04437499999999994
1 0.46143 0.5965625 0.03856999999999999 0.04437500000000005
1 0.46519299999999997 0.5275 0.04609599999999997 0.050000000000000044
1 0.5352775 0.5965625 0.03574699999999997 0.04437500000000005
1 0.536218 0.5240625 0.03386599999999995 0.04937499999999995
1 0.606773 0.518125 0.041392000000000095 0.04749999999999999
1 0.6124179999999999 0.591875 0.041391999999999984 0.05125000000000002
1 0.7046095 0.4584375 0.05079900000000004 0.05437499999999995
1 0.7074320000000001 0.53 0.05644400000000005 0.05125000000000002
1 0.712135 0.6028125 0.05644400000000005 0.04937499999999995
1 0.785513 0.5984375 0.08466600000000002 0.04437499999999994
1 0.783161 0.5215624999999999 0.0686739999999999 0.05437499999999995
1 0.873001 0.5959375 0.06961399999999995 0.04312500000000008
