1 0.1128125 0.19624999999999995 0.06937499999999999 0.144166
1 0.12 0.42958349999999995 0.0775 0.13416700000000004
1 0.224375 0.4345835 0.060000000000000026 0.12916700000000003
1 0.22375 0.214167 0.054999999999999966 0.11499999999999999
1 0.321875 0.22916649999999997 0.04750000000000004 0.10333300000000001
1 0.323125 0.4404165 0.04749999999999999 0.13083299999999998
1 0.7040625 0.3441665 0.04437499999999994 0.10166700000000001
1 0.7053125 0.48791650000000003 0.04437500000000005 0.08583299999999999
1 0.70625 0.656667 0.03749999999999998 0.10000000000000009
1 0.6996875 0.20791650000000003 0.01937500000000003 0.03916700000000001
1 0.7493749999999999 0.3541665 0.036250000000000004 0.098333
1 0.7459375 0.11499999999999999 0.024375000000000036 0.06333399999999999
1 0.7525 0.48958349999999995 0.036250000000000004 0.08083300000000004
1 0.7490625 0.22041650000000002 0.02312499999999995 0.08416700000000003
1 0.7946875 0.1366665 0.02562500000000001 0.06166700000000001
