1 0.323125 0.2716665 0.043749999999999956 0.04333300000000001
1 0.3284375 0.40083300000000005 0.04562500000000003 0.06
1 0.39249999999999996 0.27624999999999994 0.03875000000000001 0.03749999999999998
1 0.4553125 0.33 0.018125000000000002 0.05333399999999999
1 0.5 0.284583 0.03374999999999995 0.03750000000000003
1 0.5034375 0.3945830000000001 0.033125000000000016 0.04749999999999999
1 0.554375 0.2875 0.03125 0.03999999999999998
1 0.5990625 0.33749999999999997 0.015625 0.04666600000000004
1 0.6321875 0.2970835 0.024375000000000036 0.030833
1 0.6728125 0.2995835 0.020625000000000004 0.035833000000000004
1 0.708125 0.3425 0.011249999999999982 0.03999999999999998
1 0.7346874999999999 0.31375000000000003 0.01937500000000003 0.030833999999999973
1 0.7659374999999999 0.315417 0.018125000000000058 0.02749999999999997
1 0.7934375 0.35375 0.009375000000000022 0.03749999999999998
1 0.8390625 0.32625 0.014374999999999916 0.02416600000000002
1 0.899375 0.3279165 0.011249999999999982 0.025832999999999995
1 0.916875 0.35875000000000007 0.007500000000000062 0.030834000000000028
1 0.9309375 0.332083 0.013125000000000053 0.02250000000000002
1 0.9484375 0.3320835 0.014374999999999916 0.025832999999999995
