1 0.15690400000000002 0.6359375 0.09414199999999999 0.07187500000000002
1 0.16841 0.48124999999999996 0.117154 0.08000000000000002
1 0.165795 0.2928125 0.105648 0.170625
1 0.333159 0.2825 0.114016 0.16375
1 0.34204999999999997 0.485625 0.08577399999999996 0.08249999999999996
1 0.47175750000000005 0.280625 0.11715500000000002 0.15000000000000002
1 0.587343 0.273125 0.10355600000000009 0.14874999999999997
1 0.7107739999999999 0.2834375 0.114016 0.155625
1 0.7217574999999999 0.48312499999999997 0.11506300000000001 0.08999999999999997
1 0.8593100000000001 0.2796875 0.09100399999999997 0.179375
1 0.8791845 0.47125 0.12029299999999997 0.11124999999999996
1 0.8838915 0.6265624999999999 0.11715500000000002 0.073125
