1 0.514375 0.5575 0.007499999999999951 0.008334000000000064
1 0.520625 0.570833 0.010000000000000009 0.010000000000000009
1 0.52125 0.5833335 0.008750000000000036 0.011666999999999983
1 0.5231250000000001 0.5583334999999999 0.007499999999999951 0.0066669999999999785
1 0.5840624999999999 0.6033334999999999 0.008125000000000049 0.01333300000000004
1 0.6053124999999999 0.605 0.009375000000000022 0.010000000000000009
1 0.615 0.5266664999999999 0.028750000000000053 0.011666999999999983
1 0.61625 0.515417 0.02124999999999999 0.01750000000000007
1 0.6174999999999999 0.46124999999999994 0.02375000000000005 0.005834000000000006
1 0.6174999999999999 0.5420834999999999 0.02375000000000005 0.009167000000000036
1 0.6178125000000001 0.48875 0.020625000000000004 0.015834000000000015
1 0.6184375 0.47583349999999996 0.021874999999999978 0.013332999999999984
1 0.6190625000000001 0.5016665 0.02312499999999995 0.016666999999999987
1 0.6203125 0.419167 0.02312499999999995 0.010000000000000009
1 0.6215625 0.43875 0.02562500000000001 0.01583399999999996
1 0.6215625 0.44749999999999995 0.020625000000000004 0.01166600000000001
