1 0.016875 0.349583 0.012499999999999999 0.02250000000000002
1 0.0421875 0.6041664999999999 0.016875 0.043332999999999955
1 0.0421875 0.6695835 0.014374999999999999 0.04583300000000001
1 0.045937500000000006 0.5395829999999999 0.009375000000000001 0.03749999999999998
1 0.0478125 0.4775 0.010624999999999996 0.038334000000000035
1 0.209375 0.7787499999999999 0.012500000000000011 0.020833999999999908
1 0.50375 0.785 0.010000000000000009 0.040000000000000036
1 0.52125 0.7891665 0.013749999999999929 0.061666999999999916
1 0.5803125 0.7525 0.015625 0.04999999999999993
1 0.6015625 0.7575 0.01937499999999992 0.08500000000000008
1 0.6196875 0.7454169999999999 0.016875000000000084 0.09749999999999992
1 0.639375 0.20458350000000003 0.010000000000000009 0.08416699999999999
1 0.6434375 0.760833 0.008124999999999938 0.14
1 0.6478125 0.152083 0.014375000000000027 0.0825
1 0.6484375 0.32 0.015625 0.066666
1 0.6556249999999999 0.085 0.016249999999999987 0.08666599999999998
1 0.6578125 0.28125 0.015625 0.08250000000000002
1 0.6640625 0.22416650000000002 0.008124999999999938 0.09666700000000002
1 0.675 0.15708350000000001 0.016249999999999987 0.07916700000000002
