1 0.2990625 0.914583 0.05937500000000001 0.04249999999999998
1 0.378125 0.8337499999999999 0.08250000000000002 0.03583399999999992
1 0.37875000000000003 0.7554170000000001 0.08124999999999999 0.03750000000000009
1 0.37875000000000003 0.9091664999999999 0.08124999999999999 0.043333000000000066
1 0.47187500000000004 0.8241665 0.07375000000000004 0.04166700000000001
1 0.47250000000000003 0.750833 0.07250000000000001 0.040000000000000036
1 0.5390625 0.9691665 0.028124999999999956 0.036667000000000005
1 0.6146875 0.9587499999999999 0.02937500000000004 0.03583399999999992
1 0.6840625 0.9454164999999999 0.023125000000000062 0.035833000000000004
1 0.68 0.6479165 0.010000000000000009 0.01416700000000004
1 0.7021875 0.6670834999999999 0.020625000000000004 0.02083299999999999
1 0.7428125 0.6662499999999999 0.016874999999999973 0.019166000000000016
1 0.7428125 0.965417 0.01187500000000008 0.02749999999999997
1 0.7809375000000001 0.955833 0.010624999999999996 0.039999999999999925
1 0.8109375 0.9533330000000001 0.028124999999999956 0.020000000000000018
1 0.8153125 0.7400000000000001 0.016874999999999973 0.006666000000000061
1 0.8396875 0.9445834999999999 0.016874999999999973 0.02416700000000005
1 0.8546875 0.7379164999999999 0.015625 0.01416700000000004
1 0.86375 0.94125 0.010000000000000009 0.02416600000000002
1 0.8896875 0.73375 0.015625 0.009166000000000007
1 0.8928125 0.9316665 0.02187500000000009 0.033332999999999946
1 0.9353125 0.9220835 0.024375000000000036 0.03416699999999995
