1 0.449375 0.8559325 0.0625 0.12241100000000005
1 0.0921875 0.6026365 0.02062499999999999 0.060262999999999955
1 0.138125 0.6534840000000001 0.03125 0.06968000000000008
1 0.15531250000000002 0.5456685 0.024375000000000008 0.064971
1 0.1765625 0.6205275 0.02562499999999998 0.08097899999999991
1 0.1875 0.5183615 0.01874999999999999 0.06120500000000001
1 0.2165625 0.720339 0.028124999999999983 0.08286199999999999
1 0.22999999999999998 0.5889830000000001 0.05000000000000002 0.09887000000000003
1 0.2440625 0.46704349999999994 0.03437499999999999 0.08662899999999996
1 0.2578125 0.8465159999999999 0.024375000000000008 0.09227799999999997
1 0.2709375 0.690207 0.021874999999999978 0.09981200000000001
1 0.2790625 0.5522595 0.03562500000000002 0.091337
1 0.29218750000000004 0.437382 0.02812500000000001 0.09321999999999997
1 0.31562500000000004 0.9731635 0.04999999999999999 0.051788999999999974
1 0.33125000000000004 0.8215630000000002 0.05499999999999999 0.11958600000000008
1 0.335625 0.6633709999999999 0.04625000000000001 0.11205199999999993
1 0.350625 0.5089455 0.04625000000000001 0.115819
1 0.3559375 0.37335250000000003 0.04562499999999997 0.11205300000000001
1 0.45718749999999997 0.6567795000000001 0.06937500000000002 0.11770299999999999
1 0.454375 0.3846515 0.05375000000000002 0.11016900000000002
1 0.4584375 0.5108284999999999 0.05687500000000001 0.11581899999999995
1 0.444375 0.25047100000000005 0.015000000000000013 0.065914
1 0.4821875 0.27636550000000004 0.016874999999999973 0.063089
1 0.540625 0.4345569999999999 0.053749999999999964 0.11393599999999997
1 0.5278125 0.305085 0.018124999999999947 0.06026399999999998
1 0.5431250000000001 0.5597930000000001 0.04874999999999996 0.11016999999999999
1 0.5449999999999999 0.690678 0.04749999999999999 0.11958599999999997
1 0.55125 0.8582865 0.057499999999999996 0.10075299999999998
1 0.5553125 0.32956650000000004 0.01937499999999992 0.06214700000000001
1 0.596875 0.3601695 0.022500000000000075 0.053673000000000026
1 0.6140625 0.47504699999999994 0.041874999999999996 0.08380399999999999
1 0.6168750000000001 0.5899249999999999 0.04250000000000009 0.08945400000000003
1 0.63125 0.8695855000000001 0.053749999999999964 0.11205299999999996
1 0.6231249999999999 0.7193975 0.03500000000000003 0.09981099999999998
1 0.6296875 0.37288150000000003 0.014374999999999916 0.05649699999999996
1 0.675 0.514124 0.036250000000000004 0.07909600000000006
1 0.6834375 0.619115 0.034375000000000044 0.100754
1 0.6921875 0.742467 0.03937500000000005 0.08568799999999999
1 0.7025 0.8822974999999998 0.04499999999999993 0.101695
1 0.7315625 0.5484935 0.028124999999999956 0.07062100000000004
1 0.7446875 0.6544255 0.0368750000000001 0.090395
1 0.75375 0.7608285 0.03249999999999997 0.08286300000000002
1 0.7640625000000001 0.8978345 0.03187499999999999 0.07062100000000004
1 0.78125 0.5800379999999999 0.03624999999999989 0.06968000000000008
1 0.7896875000000001 0.6779660000000001 0.03187499999999999 0.07533000000000001
1 0.7940625 0.7820155 0.03562500000000002 0.066855
1 0.8153125 0.9086629999999999 0.026874999999999982 0.08098000000000005
1 0.8246875 0.6111110000000001 0.02562500000000001 0.06968000000000008
1 0.8359375 0.6967985000000001 0.02937499999999993 0.067797
1 0.8446875 0.799435 0.03187499999999999 0.06403000000000003
1 0.8590625000000001 0.9143125 0.03437499999999993 0.07344700000000004
