1 0.05 0.8558335 0.037500000000000006 0.03833299999999995
1 0.05 0.9295835 0.035 0.030833
1 0.05375 0.7858330000000001 0.03749999999999999 0.040000000000000036
1 0.05437499999999999 0.7170834999999999 0.03625 0.035833000000000004
1 0.055624999999999994 0.6454165 0.03625 0.03416699999999995
1 0.057499999999999996 0.5754170000000001 0.034999999999999996 0.02749999999999997
1 0.1075 0.8554165 0.03375 0.03416700000000006
1 0.10874999999999999 0.717083 0.03624999999999999 0.03249999999999997
1 0.10874999999999999 0.7858335 0.03374999999999999 0.033332999999999946
1 0.111875 0.5812499999999999 0.03499999999999999 0.030833999999999917
1 0.110625 0.645417 0.029999999999999985 0.03249999999999997
1 0.1603125 0.7841665 0.03562500000000002 0.03333300000000006
1 0.15968749999999998 0.85125 0.029375000000000012 0.032500000000000084
1 0.1609375 0.7162499999999999 0.031875000000000014 0.03416600000000003
1 0.1628125 0.65 0.030625000000000013 0.03833399999999998
1 0.16499999999999998 0.5829165 0.0325 0.03416699999999995
1 0.209375 0.8504165 0.03375 0.030833
1 0.213125 0.6533334999999999 0.03375 0.031667
1 0.213125 0.7195835 0.03125 0.030833
1 0.214375 0.58875 0.03375 0.03249999999999997
1 0.21375 0.7879170000000001 0.03 0.03249999999999997
1 0.25906250000000003 0.6558335 0.031875000000000014 0.036667000000000005
1 0.26125 0.7204165000000001 0.03375 0.03416700000000006
1 0.2596875 0.8504165 0.028124999999999983 0.030833
1 0.2609375 0.5929165 0.030624999999999986 0.030833
1 0.2609375 0.9141665 0.030624999999999986 0.031667
1 0.26156250000000003 0.7850000000000001 0.02687500000000001 0.03166599999999997
1 0.3003125 0.7075 0.009374999999999967 0.021665999999999963
1 0.301875 0.7429165000000001 0.008750000000000036 0.02083299999999999
1 0.3109375 0.8504165 0.01687500000000003 0.02416700000000005
1 0.3121875 0.8870835 0.014375000000000027 0.02416700000000005
1 0.3146875 0.706667 0.009375000000000022 0.020000000000000018
1 0.3146875 0.7412500000000001 0.009375000000000022 0.02416600000000002
1 0.32437499999999997 0.740417 0.012500000000000011 0.022499999999999964
1 0.325625 0.7045835 0.012499999999999956 0.02416700000000005
1 0.32625000000000004 0.7770834999999999 0.00874999999999998 0.02083299999999999
1 0.326875 0.8108334999999999 0.009999999999999953 0.018332999999999933
1 0.3328125 0.8504165 0.016874999999999973 0.02416700000000005
1 0.3328125 0.8870835 0.016874999999999973 0.02416700000000005
1 0.3315625 0.614583 0.008124999999999993 0.022499999999999964
1 0.33281249999999996 0.6462499999999999 0.008124999999999993 0.02416599999999991
1 0.34375 0.645417 0.008750000000000036 0.022499999999999964
1 0.344375 0.61375 0.010000000000000009 0.02083400000000002
1 0.358125 0.6120835 0.00874999999999998 0.0208330000000001
1 0.3746875 0.7395834999999998 0.015625 0.025832999999999995
1 0.3715625 0.6070835 0.008124999999999993 0.0208330000000001
1 0.37468749999999995 0.702083 0.013124999999999998 0.022499999999999964
1 0.37468749999999995 0.84875 0.013124999999999998 0.02083400000000002
1 0.3753125 0.7770834999999999 0.014375000000000027 0.02416699999999994
1 0.3753125 0.812083 0.014375000000000027 0.022499999999999964
1 0.37593750000000004 0.88625 0.013124999999999998 0.022499999999999964
1 0.39468749999999997 0.8112500000000001 0.01687500000000003 0.022499999999999964
1 0.39468749999999997 0.7029165 0.014374999999999971 0.02083299999999999
1 0.3959375 0.73875 0.014375000000000027 0.022499999999999964
1 0.3959375 0.7762500000000001 0.014375000000000027 0.02083400000000002
1 0.3971875 0.8479169999999999 0.014374999999999971 0.022499999999999964
1 0.4703125 0.7058335000000001 0.013124999999999998 0.021667000000000103
1 0.4715625 0.81 0.015625 0.019999999999999907
1 0.4715625 0.7404164999999999 0.013124999999999998 0.019167000000000045
1 0.4715625 0.77625 0.013124999999999998 0.025833999999999913
1 0.4721875 0.8820834999999999 0.014374999999999971 0.02083299999999999
1 0.4728125 0.8470835 0.015625 0.02083299999999999
1 0.4884375 0.706667 0.015625 0.020000000000000018
1 0.4896875 0.740417 0.015625 0.022499999999999964
1 0.49031250000000004 0.7770834999999999 0.014374999999999971 0.02416699999999994
1 0.49031250000000004 0.84625 0.014374999999999971 0.022500000000000075
1 0.4909375 0.81 0.015625 0.019999999999999907
1 0.4909375 0.8804165 0.013124999999999998 0.02416699999999994
1 0.4915625 0.915417 0.011875000000000024 0.022499999999999964
1 0.520625 0.8783330000000001 0.014999999999999902 0.020000000000000018
1 0.521875 0.9129165 0.012499999999999956 0.02083299999999999
1 0.5375 0.8808335 0.012499999999999956 0.018333000000000044
1 0.5393749999999999 0.9112499999999999 0.01375000000000004 0.02416599999999991
1 0.56 0.8870835000000001 0.008749999999999925 0.01416700000000004
1 0.579375 0.887917 0.006249999999999978 0.012500000000000067
1 0.580625 0.9195834999999999 0.006249999999999978 0.01416700000000004
1 0.599375 0.92125 0.010000000000000009 0.014166000000000012
1 0.6 0.889583 0.008750000000000036 0.012499999999999956
1 0.619375 0.9204165 0.008750000000000036 0.015832999999999986
1 0.62 0.88875 0.007500000000000062 0.01083400000000001
1 0.6303125 0.6054165 0.010624999999999996 0.015832999999999986
1 0.6325000000000001 0.627083 0.011250000000000093 0.01749999999999996
1 0.6325000000000001 0.6441665 0.008749999999999925 0.01333300000000004
1 0.633125 0.6629165 0.010000000000000009 0.010832999999999982
1 0.633125 0.68375 0.010000000000000009 0.014166000000000012
1 0.633125 0.7016669999999999 0.010000000000000009 0.015000000000000013
1 0.633125 0.7612500000000001 0.010000000000000009 0.014166000000000012
1 0.634375 0.7404164999999999 0.012499999999999956 0.01416700000000004
1 0.635 0.78125 0.011249999999999982 0.015833999999999904
1 0.635 0.720833 0.008750000000000036 0.015000000000000013
1 0.635 0.8020835000000001 0.008750000000000036 0.015833000000000097
1 0.6478125 0.6029165 0.01187500000000008 0.01416700000000004
1 0.6478125 0.6224999999999999 0.01187500000000008 0.011666000000000065
1 0.6478125 0.6408335 0.01187500000000008 0.013332999999999928
1 0.6484375 0.7587499999999999 0.010625000000000107 0.015834000000000015
1 0.6496875 0.662917 0.010624999999999996 0.01749999999999996
1 0.6496875 0.7025 0.010624999999999996 0.013333999999999957
1 0.6496875 0.739583 0.010624999999999996 0.012499999999999956
1 0.6503125000000001 0.6812499999999999 0.011874999999999969 0.015834000000000015
1 0.650625 0.7208335 0.008750000000000036 0.011666999999999983
1 0.650625 0.7799999999999999 0.008750000000000036 0.013333999999999957
1 0.651875 0.802917 0.011249999999999982 0.01750000000000007
1 0.653125 0.82 0.011249999999999982 0.015000000000000013
1 0.653125 0.8408329999999999 0.011249999999999982 0.015000000000000013
1 0.6640625 0.6195835 0.010625000000000107 0.015832999999999986
1 0.6646875 0.60125 0.01187500000000008 0.01749999999999996
1 0.6653125 0.63875 0.013125000000000053 0.015834000000000015
1 0.6653125 0.6587500000000001 0.013125000000000053 0.01749999999999996
1 0.6665625 0.6995835000000001 0.013124999999999942 0.015832999999999986
1 0.6665625 0.67875 0.010624999999999996 0.015834000000000015
1 0.6671875 0.7183335000000001 0.011874999999999969 0.018333000000000044
1 0.6684375 0.739167 0.014375000000000027 0.015000000000000013
1 0.6678124999999999 0.7595835000000001 0.010624999999999996 0.019167000000000045
1 0.6690625 0.7829165000000001 0.013125000000000053 0.01416700000000004
1 0.6690624999999999 0.8408329999999999 0.010624999999999996 0.015000000000000013
1 0.6696875 0.80125 0.01187500000000008 0.019166000000000016
1 0.6696875 0.82 0.01187500000000008 0.015000000000000013
1 0.674375 0.9195834999999999 0.012500000000000067 0.01416700000000004
1 0.675 0.8870835000000001 0.01375000000000004 0.01416700000000004
1 0.6815625000000001 0.6379165 0.011874999999999969 0.01416700000000004
1 0.6821875 0.6575000000000001 0.010624999999999996 0.015000000000000013
1 0.6828125 0.5970835 0.011874999999999969 0.015832999999999986
1 0.6821875 0.6179165000000001 0.008125000000000049 0.015832999999999986
1 0.6828125 0.6758335 0.009375000000000022 0.01333300000000004
1 0.6840625 0.718333 0.009375000000000022 0.014999999999999902
1 0.6846874999999999 0.69625 0.010624999999999996 0.014166000000000012
1 0.6846874999999999 0.7383335 0.010624999999999996 0.01333300000000004
1 0.6853125 0.7779164999999999 0.009374999999999911 0.01416700000000004
1 0.6859375000000001 0.7991665 0.010624999999999996 0.011667000000000094
1 0.6865625 0.75875 0.011874999999999969 0.01749999999999996
1 0.6871875000000001 0.8208335 0.010624999999999996 0.016666999999999987
1 0.75 0.7925 0.011249999999999982 0.021665999999999963
1 0.75125 0.82375 0.011249999999999982 0.019166000000000016
1 0.75125 0.85875 0.011249999999999982 0.02083400000000002
1 0.753125 0.8895835000000001 0.010000000000000009 0.02083299999999999
1 0.76875 0.7929165 0.010000000000000009 0.02083299999999999
1 0.76875 0.8258335 0.010000000000000009 0.018332999999999933
1 0.77 0.8570829999999999 0.010000000000000009 0.01749999999999996
1 0.77 0.88875 0.010000000000000009 0.019166000000000016
1 0.788125 0.7904165000000001 0.012500000000000067 0.019167000000000045
1 0.79 0.8229164999999999 0.008750000000000036 0.02083299999999999
1 0.79 0.8570834999999999 0.008750000000000036 0.0208330000000001
1 0.791875 0.8904165 0.010000000000000009 0.019167000000000045
1 0.809375 0.78875 0.008749999999999925 0.019165999999999905
1 0.81125 0.8570834999999999 0.012499999999999956 0.0208330000000001
1 0.8106249999999999 0.82375 0.008749999999999925 0.019166000000000016
1 0.811875 0.8904165 0.011249999999999982 0.019167000000000045
