1 0.6503905000000001 0.11545150000000001 0.027343000000000006 0.046875000000000014
1 0.652832 0.190972 0.02050799999999997 0.038194000000000006
1 0.6870115 0.1067705 0.022461000000000064 0.050347
1 0.686035 0.03211800000000001 0.016602000000000006 0.050348000000000004
1 0.6865235 0.1770835 0.015625 0.05208299999999999
1 0.712402 0.1015625 0.02050799999999997 0.05034699999999999
1 0.7119139999999999 0.177083 0.017577999999999983 0.059028
1 0.7504885 0.09027800000000001 0.032227000000000006 0.059028
1 0.7509764999999999 0.169271 0.029297000000000017 0.03645799999999999
1 0.8037110000000001 0.15625 0.035156000000000076 0.06597199999999999
1 0.8061525 0.071181 0.03613300000000008 0.062499999999999986
1 0.8496095 0.14756950000000002 0.02539099999999994 0.05555500000000001
1 0.8505860000000001 0.06597199999999999 0.02343799999999996 0.059028000000000004
1 0.8769530000000001 0.138889 0.013672000000000017 0.055556000000000015
