1 0.258125 0.722693 0.0675 0.14971800000000002
1 0.2628125 0.8926554999999999 0.06562500000000002 0.07532900000000009
1 0.2784375 0.4844635 0.078125 0.18173300000000003
1 0.2890625 0.289548 0.06437499999999996 0.127118
1 0.3834375 0.485405 0.070625 0.17231600000000002
1 0.3821875 0.7189265 0.06562499999999999 0.176083
1 0.3853125 0.28954799999999997 0.06437499999999996 0.12335199999999999
1 0.503125 0.212335 0.07375000000000004 0.134652
1 0.6140625 0.2857815 0.06062500000000004 0.12335299999999999
1 0.6196875 0.473635 0.0668749999999999 0.16384200000000004
1 0.6312500000000001 0.710452 0.07999999999999996 0.16290000000000004
1 0.7146875 0.280132 0.06687500000000002 0.11958599999999997
1 0.7284375000000001 0.48069700000000004 0.07187500000000002 0.17420000000000002
1 0.7471874999999999 0.7132769999999999 0.073125 0.1685500000000001
