1 0.324707 0.7033775 0.079102 0.276065
1 0.008789 0.7254035 0.017578 0.06461099999999997
1 0.0175785 0.578561 0.033203 0.05286400000000003
1 0.034668000000000004 0.877386 0.028320000000000005 0.05433200000000005
1 0.051269499999999996 0.7129220000000001 0.03613299999999999 0.07489000000000001
1 0.0673825 0.558737 0.033203 0.05433199999999994
1 0.0893555 0.8678415 0.03222699999999999 0.04698900000000006
1 0.101074 0.6894275000000001 0.047852000000000006 0.08076300000000003
1 0.11865200000000001 0.5337735 0.03418 0.07195299999999999
1 0.18359350000000002 0.7437594999999999 0.06445300000000001 0.236417
1 0.20507799999999998 0.4676945 0.04882800000000001 0.18942699999999998
1 0.260254 0.7217330000000001 0.018554000000000015 0.23935399999999998
1 0.282715 0.4265785000000001 0.06347599999999998 0.19236499999999998
1 0.375 0.38326000000000005 0.0625 0.202644
1 0.385254 0.674009 0.020508000000000026 0.23494800000000002
1 0.6293945000000001 0.383994 0.05175699999999994 0.18649000000000004
1 0.6318360000000001 0.6930985 0.04492200000000002 0.27019099999999996
1 0.6972655 0.43906 0.042969000000000035 0.17621200000000004
1 0.7055665 0.7298089999999999 0.04394500000000001 0.25257000000000007
1 0.754883 0.48384750000000004 0.03906200000000004 0.16593300000000005
1 0.765137 0.7613805000000001 0.045897999999999994 0.224669
1 0.807617 0.572687 0.02343799999999996 0.11747399999999997
1 0.826172 0.7951539999999999 0.037109999999999976 0.23348000000000002
1 0.8583985 0.6182084999999999 0.01757900000000001 0.14684299999999995
