1 0.12 0.206111 0.065 0.22555599999999998
1 0.198125 0.25666649999999996 0.04999999999999999 0.206667
1 0.27249999999999996 0.3133335 0.044999999999999984 0.18888899999999997
1 0.344375 0.11499999999999999 0.03749999999999998 0.156666
1 0.34624999999999995 0.6277775 0.03375 0.18888900000000008
1 0.34625 0.348889 0.03125 0.195556
1 0.3840625 0.14944449999999998 0.02437499999999998 0.143333
1 0.3884375 0.388889 0.030625000000000013 0.16222199999999998
1 0.393125 0.642222 0.03749999999999998 0.177778
1 0.4340625 0.4411115 0.03187499999999999 0.171111
1 0.43343750000000003 0.186111 0.025624999999999953 0.13444399999999998
1 0.4778125 0.23055549999999997 0.021875000000000033 0.12777699999999997
1 0.5 0.6633335 0.05125000000000002 0.16888900000000007
1 0.5046875 0.2372225 0.01937500000000003 0.063333
1 0.5896875 0.6916670000000001 0.02562500000000001 0.14777799999999996
