1 0.0228125 0.5104164999999999 0.021875000000000002 0.030833
1 0.091875 0.6275 0.03125 0.0716659999999999
1 0.1040625 0.5104164999999999 0.031875 0.06583299999999997
1 0.15437499999999998 0.5208335 0.01125000000000001 0.05166700000000002
1 0.1653125 0.4216665 0.020625000000000004 0.053332999999999964
1 0.18406250000000002 0.510417 0.016875 0.0625
1 0.206875 0.5066665 0.012500000000000011 0.058333000000000024
1 0.3171875 0.48458300000000004 0.014375000000000027 0.07250000000000001
1 0.3396875 0.47666650000000005 0.015625 0.06666700000000003
1 0.40437500000000004 0.6283335 0.03875000000000001 0.05666700000000002
1 0.41093749999999996 0.4679165 0.033125000000000016 0.07416699999999998
1 0.45625 0.5912499999999999 0.03125 0.11750000000000005
1 0.459375 0.41666700000000007 0.03750000000000003 0.11499999999999999
1 0.5253125000000001 0.5983329999999999 0.02937500000000004 0.1100000000000001
1 0.5271875 0.41833349999999997 0.028124999999999956 0.11166700000000002
1 0.6278125 0.412083 0.04437500000000005 0.09249999999999997
1 0.6725 0.22875 0.03499999999999992 0.07750000000000001
