1 0.2053125 0.7089615 0.06312500000000001 0.13309700000000002
1 0.09812499999999999 0.8606920000000001 0.04625 0.05678800000000006
1 0.12312500000000001 0.694321 0.052500000000000005 0.11268800000000001
1 0.153125 0.511979 0.046249999999999986 0.07453399999999999
1 0.191875 0.860692 0.03875000000000001 0.060338
1 0.23031249999999998 0.513753 0.040624999999999994 0.07453399999999993
1 0.296875 0.6952085 0.043749999999999956 0.11801299999999992
1 0.3059375 0.5110915 0.03812500000000002 0.06921099999999997
1 0.3925 0.6925465 0.04749999999999999 0.12333699999999992
1 0.396875 0.5062114999999999 0.04125000000000001 0.07897100000000001
1 0.471875 0.688997 0.04249999999999998 0.10558999999999996
1 0.47250000000000003 0.505324 0.04124999999999995 0.07719600000000004
1 0.5506249999999999 0.5035495 0.03874999999999995 0.08074500000000001
1 0.5606249999999999 0.6898845 0.04375000000000007 0.12156100000000003
1 0.635625 0.510204 0.04499999999999993 0.07453400000000004
1 0.651875 0.6925465 0.043749999999999956 0.10913899999999999
1 0.7093750000000001 0.512866 0.04874999999999996 0.07275999999999999
1 0.760625 0.8660160000000001 0.04875000000000007 0.06743600000000005
1 0.7925 0.514641 0.04875000000000007 0.07985799999999998
1 0.8215625 0.691659 0.055625000000000036 0.12156199999999993
1 0.8525 0.860692 0.04999999999999993 0.060338
