1 0.084583 0.7649999999999999 0.02750000000000001 0.05625000000000002
1 0.0941665 0.674375 0.031667 0.05999999999999994
1 0.11 0.5853124999999999 0.031666 0.06312499999999999
1 0.12375000000000001 0.5040625 0.02750000000000001 0.05812499999999998
1 0.13499999999999998 0.4240625 0.031666 0.05812499999999998
1 0.1466665 0.3559375 0.031667 0.05812499999999998
1 0.16124999999999998 0.28312499999999996 0.029165999999999997 0.04999999999999999
1 0.17250000000000001 0.2225 0.03 0.05125000000000002
1 0.182917 0.164375 0.0325 0.05499999999999999
1 0.23875000000000002 0.76125 0.139166 0.06000000000000005
1 0.19749999999999998 0.1028125 0.024999999999999994 0.044375
1 0.255417 0.66125 0.12749999999999997 0.06499999999999995
1 0.210417 0.053125 0.022499999999999992 0.03749999999999999
1 0.268333 0.5675 0.13499999999999998 0.06875000000000009
1 0.27375 0.48312499999999997 0.12750000000000003 0.06999999999999995
1 0.2783335 0.4028125 0.12333300000000003 0.06687500000000002
1 0.28875 0.3240625 0.10750000000000004 0.073125
1 0.297917 0.25375000000000003 0.1025 0.07
1 0.308333 0.18312499999999998 0.10000000000000003 0.06875
1 0.3183335 0.1278125 0.093333 0.06312499999999999
1 0.32416649999999997 0.06968750000000001 0.086667 0.06312500000000001
1 0.5075 0.7853125 0.11166599999999999 0.059374999999999956
1 0.510833 0.6146875 0.11000000000000004 0.06312499999999999
1 0.5133329999999999 0.6956249999999999 0.10500000000000004 0.061249999999999916
1 0.512083 0.38968749999999996 0.09750000000000003 0.05812500000000004
1 0.5133329999999999 0.5349999999999999 0.09999999999999998 0.06874999999999998
1 0.5154165 0.45999999999999996 0.09583299999999995 0.065
1 0.5166665 0.2628125 0.08833300000000005 0.06312499999999999
1 0.5191665 0.323125 0.09333300000000005 0.065
1 0.5175 0.20375 0.08666600000000002 0.06499999999999997
1 0.515417 0.099375 0.07749999999999996 0.06125
1 0.5175 0.1515625 0.08166599999999996 0.059375
1 0.5179170000000001 0.0540625 0.07750000000000001 0.059375000000000004
1 0.7191665 0.393125 0.14333300000000004 0.07499999999999996
1 0.7329165 0.5221875 0.13916700000000004 0.06687500000000002
1 0.740833 0.5846875 0.15000000000000002 0.07187500000000002
1 0.8933335000000001 0.453125 0.06333300000000008 0.04749999999999999
1 0.9012500000000001 0.50875 0.07083400000000006 0.04625000000000001
1 0.9104164999999999 0.5631250000000001 0.06583300000000003 0.04625000000000001
1 0.9175 0.6212500000000001 0.066666 0.04625000000000001
1 0.9229165 0.6834374999999999 0.05916699999999997 0.04437499999999994
1 0.9320835000000001 0.7478125 0.06416699999999997 0.03937499999999994
