1 0.3097885 0.6400774999999999 0.050055000000000016 0.15175099999999997
1 0.0200225 0.0797665 0.011123 0.08949499999999999
1 0.05895449999999999 0.08365750000000001 0.015572999999999997 0.077821
1 0.060066999999999995 0.2247085 0.017798 0.118677
1 0.140712 0.10603099999999999 0.030034000000000005 0.08754799999999999
1 0.1457175 0.250973 0.03559499999999999 0.081712
1 0.22191349999999999 0.10408549999999998 0.034483000000000014 0.08365699999999998
1 0.29922150000000003 0.105058 0.02892100000000003 0.08949399999999999
1 0.30089 0.242218 0.027808 0.08365799999999998
1 0.41490550000000004 0.10213999999999998 0.02892100000000003 0.09144
1 0.416018 0.23638099999999998 0.031146000000000007 0.09144
1 0.4221355 0.614786 0.036707000000000045 0.11283999999999994
1 0.49666299999999997 0.10603099999999999 0.025583999999999996 0.07976599999999999
1 0.4977755 0.23249049999999996 0.02335900000000002 0.08754899999999999
1 0.5150165 0.576848 0.028920999999999975 0.122568
1 0.573971 0.10700399999999999 0.02447200000000005 0.08171199999999999
1 0.5756395000000001 0.23249050000000002 0.02335900000000002 0.079767
1 0.6802 0.195525 0.04338200000000003 0.188716
1 0.7575084999999999 0.373541 0.015572999999999948 0.058366000000000036
1 0.7608455000000001 0.10992199999999999 0.022247000000000017 0.07198399999999999
1 0.804783 0.373541 0.02558400000000005 0.06614799999999998
1 0.8147945000000001 0.109922 0.02335900000000002 0.07587599999999999
1 0.961068 0.053502 0.03337000000000001 0.05253000000000001
1 0.9833145 0.36965 0.015573000000000059 0.05058400000000002
