1 0.342132 0.745625 0.296446 0.14
1 0.0517765 0.4478125 0.030456999999999994 0.021874999999999978
1 0.093401 0.5103125 0.052792000000000006 0.06187500000000001
1 0.3791875 0.49468749999999995 0.214213 0.16062499999999996
1 0.3984775 0.3240625 0.18578699999999998 0.140625
1 0.647208 0.3259375 0.20609199999999994 0.13687499999999997
1 0.6746195 0.4965625 0.23857899999999996 0.150625
1 0.7096445 0.7459374999999999 0.280203 0.16437500000000005
1 0.906599 0.46499999999999997 0.062944 0.06624999999999998
1 0.964467 0.63 0.06903599999999999 0.07499999999999996
