1 0.8159375 0.7627615 0.25687499999999996 0.14811700000000005
1 0.05625 0.07322150000000001 0.012499999999999997 0.02594100000000001
1 0.060312500000000005 0.18368199999999998 0.015625000000000007 0.015899999999999997
1 0.06 0.1096235 0.010000000000000002 0.015062999999999993
1 0.060625 0.1443515 0.011250000000000003 0.015898999999999996
1 0.06218750000000001 0.21924700000000003 0.011875000000000004 0.016736
1 0.06281250000000001 0.2585775 0.010625000000000002 0.016737000000000002
1 0.0646875 0.294979 0.011874999999999997 0.01757399999999998
1 0.0878125 0.21129699999999998 0.019375000000000003 0.015899999999999997
1 0.0871875 0.0606695 0.015625 0.017573000000000005
1 0.0884375 0.09665249999999999 0.015625 0.017573000000000005
1 0.0884375 0.1364015 0.013124999999999998 0.016737000000000002
1 0.0903125 0.288703 0.014374999999999999 0.015062000000000022
1 0.1234375 0.0380755 0.023125000000000007 0.027614999999999997
1 0.1240625 0.080335 0.024375000000000008 0.018409999999999996
1 0.1259375 0.12175700000000002 0.023125000000000007 0.012552000000000008
1 0.1278125 0.20292849999999998 0.021875000000000006 0.019246999999999986
1 0.1284375 0.28117149999999996 0.015625000000000014 0.010041000000000022
1 0.1403125 0.494142 0.02687500000000001 0.022593999999999947
1 0.13906249999999998 0.45146450000000005 0.019375000000000003 0.017573000000000005
1 0.1403125 0.532636 0.021875000000000006 0.024267999999999953
1 0.1540625 0.028870500000000004 0.02562500000000001 0.025941000000000002
1 0.1534375 0.066527 0.021875000000000006 0.015900000000000004
1 0.1590625 0.113389 0.02812500000000001 0.02928800000000001
1 0.15968749999999998 0.192469 0.024375000000000008 0.018409999999999982
1 0.1590625 0.23472800000000002 0.020625000000000004 0.017574000000000006
1 0.1634375 0.27573250000000005 0.019375000000000003 0.017573000000000005
1 0.1696875 0.4556485 0.020625000000000004 0.02259500000000003
1 0.1721875 0.53682 0.02562500000000001 0.025942000000000017
1 0.1734375 0.6163179999999999 0.02562500000000001 0.019245999999999985
1 0.1765625 0.49372400000000005 0.02687500000000001 0.018409999999999982
1 0.186875 0.056485 0.024999999999999994 0.022593999999999996
1 0.1875 0.09748949999999999 0.023749999999999993 0.02259499999999999
1 0.19093749999999998 0.18368199999999998 0.019375000000000003 0.022594000000000003
1 0.19343749999999998 0.2280335 0.021875000000000006 0.024266999999999986
1 0.19343749999999998 0.26736400000000005 0.019375000000000003 0.020919999999999994
1 0.19718750000000002 0.45481150000000004 0.021875000000000006 0.020921000000000023
1 0.2009375 0.4933055 0.021875000000000006 0.024266999999999986
1 0.2053125 0.5351465 0.018125000000000002 0.019247000000000014
1 0.230625 0.08410000000000001 0.016249999999999987 0.02259399999999999
1 0.233125 0.036401499999999996 0.016249999999999987 0.027614999999999997
1 0.23593750000000002 0.262343 0.021875000000000006 0.01757399999999998
1 0.23593750000000002 0.170293 0.019375000000000003 0.022594000000000003
1 0.2378125 0.21548099999999998 0.020625000000000004 0.02426800000000001
1 0.2465625 0.49456050000000007 0.018125000000000002 0.016736999999999946
1 0.2446875 0.445607 0.011874999999999997 0.022594000000000003
1 0.24843749999999998 0.540167 0.019375000000000003 0.022594000000000003
1 0.26656250000000004 0.021339 0.019374999999999976 0.024268000000000005
1 0.2684375 0.071548 0.020625000000000004 0.032636
1 0.2728125 0.20795 0.016874999999999973 0.022594000000000003
1 0.2740625 0.164854 0.019374999999999976 0.018409999999999982
1 0.2828125 0.5393304999999999 0.023125000000000007 0.01757299999999995
1 0.2834375 0.4958155 0.014375000000000027 0.01924699999999996
1 0.2840625 0.448117 0.015625 0.020919999999999994
1 0.2915625 0.6246864999999999 0.020625000000000004 0.02928900000000001
1 0.2921875 0.67113 0.01937500000000003 0.018410000000000037
1 0.3146875 0.049790999999999995 0.020625000000000004 0.025942
1 0.31875 0.1485355 0.026249999999999996 0.020920999999999995
1 0.320625 0.19832650000000002 0.016249999999999987 0.016737000000000002
1 0.32125 0.24477000000000002 0.015000000000000013 0.02426800000000001
1 0.3346875 0.6790795 0.01687500000000003 0.02092100000000008
1 0.33781249999999996 0.72636 0.023125000000000007 0.025104000000000015
1 0.33999999999999997 0.6334730000000001 0.027500000000000024 0.018409999999999926
1 0.364375 0.0330545 0.02749999999999997 0.030963000000000004
1 0.3696875 0.13556500000000002 0.01937500000000003 0.021757999999999986
1 0.3703125 0.23723850000000002 0.020625000000000004 0.019246999999999986
1 0.3728125 0.18451900000000002 0.018125000000000002 0.02426799999999998
1 0.3840625 0.541004 0.02062499999999995 0.02091999999999994
1 0.38468749999999996 0.6351465000000001 0.019374999999999976 0.015062999999999936
1 0.385625 0.6866110000000001 0.015000000000000013 0.025942000000000017
1 0.38875 0.7368205 0.016249999999999987 0.019247000000000014
1 0.4390625 0.217155 0.03687499999999999 0.020920000000000022
1 0.4409375 0.1117155 0.03562500000000002 0.029288999999999996
1 0.4409375 0.1665275 0.030625000000000013 0.02510499999999999
1 0.5040625 0.089958 0.028124999999999956 0.020919999999999994
1 0.5175000000000001 0.146025 0.05500000000000005 0.02594199999999999
1 0.519375 0.20292899999999997 0.05624999999999997 0.035984000000000016
1 0.5340625 0.08661100000000001 0.026874999999999982 0.030962000000000003
1 0.624375 0.053138000000000005 0.03499999999999992 0.029287999999999995
1 0.6268750000000001 0.11924699999999999 0.039999999999999925 0.04435199999999999
1 0.628125 0.17866100000000001 0.04249999999999998 0.032636000000000026
