1 0.0615235 0.0724745 0.039063 0.07467100000000002
1 0.079102 0.06149349999999999 0.03125 0.06442099999999999
1 0.15966799999999998 0.317716 0.030273999999999995 0.06442199999999998
1 0.168457 0.2825765 0.028320000000000012 0.058564999999999985
1 0.197266 0.40702750000000004 0.02734399999999998 0.052709000000000006
1 0.20068399999999997 0.36090799999999995 0.020508 0.051244000000000005
1 0.3544925 0.19180100000000003 0.037109 0.073206
1 0.5498045 0.25183000000000005 0.046875 0.09370400000000001
1 0.5961915 0.265007 0.04980499999999999 0.09370400000000001
1 0.642578 0.4297215 0.05468800000000007 0.08052699999999996
1 0.7036135 0.2964865 0.05761700000000003 0.12445099999999998
1 0.7119139999999999 0.464129 0.06640600000000008 0.09370400000000001
1 0.79541 0.28696900000000003 0.04199199999999992 0.06734999999999997
