1 0.28750000000000003 0.619375 0.155 0.13375000000000004
1 0.4145835 0.4946875 0.11416700000000002 0.09562499999999996
1 0.4616665 0.19437500000000002 0.06166699999999997 0.0325
1 0.48500000000000004 0.265 0.06833400000000006 0.037500000000000006
1 0.507917 0.3590625 0.07750000000000001 0.05812499999999998
1 0.6391665000000001 0.5496875 0.10666699999999996 0.18812500000000004
1 0.6275 0.1396875 0.061666 0.059375
1 0.6641665 0.2190625 0.05666700000000002 0.06437499999999996
1 0.8441664999999999 0.1240625 0.06666699999999992 0.048125
1 0.878333 0.1975 0.07499999999999996 0.06125
1 0.9079164999999999 0.281875 0.07583300000000004 0.07
