1 0.1015625 0.518333 0.043125 0.08999999999999997
1 0.275625 0.37291650000000004 0.07375000000000001 0.22583300000000003
1 0.28125 0.086667 0.08499999999999999 0.16
1 0.380625 0.3575 0.0675 0.215
1 0.3828125 0.09791650000000002 0.06312499999999999 0.140833
1 0.6521874999999999 0.1679165 0.020625000000000004 0.08083299999999999
1 0.7165625 0.16333300000000003 0.02562500000000001 0.065
1 0.7915625 0.16166650000000002 0.020625000000000004 0.061667
1 0.8628125 0.16333300000000003 0.01937500000000003 0.065
1 0.9378124999999999 0.16708350000000002 0.014374999999999916 0.065833
