1 0.320625 0.42483650000000006 0.008750000000000036 0.07282900000000003
1 0.3521875 0.148926 0.02562500000000001 0.088702
1 0.3528125 0.28104599999999996 0.02437499999999998 0.084034
1 0.3746875 0.3767505 0.011874999999999969 0.09243699999999999
1 0.42 0.17787150000000002 0.020000000000000018 0.118581
1 0.42125 0.3450045 0.012500000000000011 0.10550899999999996
1 0.505 0.11717999999999999 0.05249999999999999 0.058824
1 0.5084375 0.31279149999999994 0.059374999999999956 0.07843100000000003
1 0.6103125 0.3384685 0.024375000000000036 0.11111099999999996
1 0.6134375000000001 0.156396 0.030625000000000013 0.13352
1 0.6909375 0.190943 0.024375000000000036 0.11111199999999999
1 0.7 0.350607 0.02749999999999997 0.10177400000000003
1 0.7328125000000001 0.21195150000000001 0.020625000000000004 0.08403300000000002
1 0.7359374999999999 0.3641455 0.021874999999999978 0.09337099999999998
1 0.825 0.235294 0.010000000000000009 0.06909399999999999
1 0.8275 0.3333335 0.007500000000000062 0.06722700000000004
1 0.93125 0.11437949999999998 0.028750000000000053 0.06069099999999999
1 0.9325 0.18160600000000002 0.03125 0.060689999999999994
1 0.9340625 0.2474325 0.028124999999999956 0.048552999999999985
