1 0.0878125 0.3916665 0.02562500000000001 0.11333299999999996
1 0.2765625 0.320833 0.05687499999999998 0.10999999999999999
1 0.344375 0.3520835 0.06874999999999998 0.089167
1 0.35375 0.5370835 0.03875000000000001 0.08083299999999999
1 0.425 0.371667 0.03125 0.06
1 0.4325 0.37375 0.036250000000000004 0.08249999999999996
1 0.4865625 0.5275 0.01937500000000003 0.06166599999999994
1 0.49093749999999997 0.4016665 0.02312499999999995 0.06166699999999997
1 0.5359375 0.420833 0.02312499999999995 0.05499999999999999
1 0.5340625 0.53 0.014375000000000027 0.05333399999999999
1 0.5715625 0.43124999999999997 0.011874999999999969 0.04083399999999998
1 0.6028125 0.44916700000000004 0.014375000000000027 0.04999999999999999
1 0.62 0.45374999999999993 0.007500000000000062 0.02416600000000002
1 0.639375 0.46291699999999997 0.007499999999999951 0.02250000000000002
1 0.6665625 0.4754165000000001 0.008125000000000049 0.025832999999999995
1 0.9790625 0.4975 0.025624999999999898 0.015000000000000013
