1 0.1625 0.6638419999999999 0.012500000000000011 0.024482000000000004
1 0.16843750000000002 0.6996235000000001 0.024375000000000008 0.026365000000000083
1 0.1728125 0.6294730000000001 0.02812500000000001 0.029189999999999938
1 0.1746875 0.559793 0.029374999999999984 0.029190000000000046
1 0.1740625 0.5918074999999999 0.02562500000000001 0.02730700000000008
1 0.1696875 0.5258944999999999 0.014374999999999999 0.025423000000000084
1 0.1784375 0.472222 0.02437499999999998 0.025424000000000002
1 0.1790625 0.665725 0.010625000000000023 0.02824800000000005
1 0.18625 0.5240115 0.013749999999999984 0.021657000000000037
1 0.193125 0.667608 0.012499999999999983 0.024482000000000004
1 0.2003125 0.740113 0.024375000000000008 0.026366
1 0.2034375 0.6332395000000001 0.02812500000000001 0.032957000000000014
1 0.2028125 0.7048025000000001 0.024375000000000008 0.0329569999999999
1 0.2071875 0.5974575 0.02562500000000001 0.031073000000000017
1 0.2078125 0.5626175 0.024375000000000008 0.02354100000000003
1 0.2028125 0.5287194999999999 0.011874999999999997 0.031073000000000017
1 0.205625 0.4929375 0.00874999999999998 0.02730700000000003
1 0.206875 0.45762749999999996 0.011249999999999982 0.02259899999999998
1 0.21187499999999998 0.6699620000000001 0.01125000000000001 0.025424000000000002
1 0.21968749999999998 0.529661 0.014374999999999999 0.025424000000000002
1 0.2234375 0.491996 0.014374999999999999 0.025424000000000054
1 0.2228125 0.460452 0.010624999999999996 0.02448199999999995
