1 0.050624999999999996 0.6237499999999999 0.08625 0.1775
1 0.06375 0.362083 0.07375000000000001 0.1325
1 0.0765625 0.13 0.058124999999999996 0.14333400000000002
1 0.3625 0.205 0.05125000000000002 0.11666599999999999
1 0.3696875 0.40875 0.055625000000000036 0.119166
1 0.3715625 0.6395835 0.05687500000000001 0.13916700000000004
1 0.473125 0.0575 0.03999999999999998 0.09500000000000001
1 0.48343749999999996 0.235833 0.04562499999999997 0.10000000000000002
1 0.49187499999999995 0.42874999999999996 0.04124999999999995 0.09249999999999997
1 0.5046875 0.6454165 0.046874999999999944 0.12416700000000003
1 0.73125 0.1470835 0.03749999999999998 0.070833
1 0.745 0.30124999999999996 0.04125000000000001 0.09916600000000003
1 0.768125 0.47375000000000006 0.03125 0.08583399999999997
1 0.78375 0.6558335000000001 0.036250000000000004 0.10666699999999996
1 0.7849999999999999 0.16791650000000002 0.036250000000000004 0.07416699999999998
1 0.8043750000000001 0.32375 0.036250000000000004 0.07916600000000001
1 0.828125 0.4795835 0.040000000000000036 0.08416699999999999
1 0.845 0.6608335 0.03249999999999997 0.10333300000000001
