1 0.140625 0.8166665000000001 0.03125 0.11666699999999997
1 0.16796850000000002 0.6541665000000001 0.03281300000000001 0.10416700000000001
1 0.188281 0.5249999999999999 0.042188 0.09999999999999998
1 0.2046875 0.3947915 0.03437499999999999 0.08541700000000002
1 0.2265625 0.765625 0.037499000000000005 0.12708399999999997
1 0.2320315 0.2822915 0.042187 0.09791699999999998
1 0.2359375 0.604167 0.04062499999999997 0.10000000000000009
1 0.258594 0.4677085 0.035938 0.09791699999999998
1 0.2749995 0.24791649999999996 0.053125000000000006 0.08333299999999999
1 0.2765625 0.33437500000000003 0.021874999999999978 0.07708399999999999
1 0.351562 0.759375 0.0625 0.11458400000000002
1 0.364844 0.5906250000000001 0.057811999999999975 0.10208399999999995
1 0.3726565 0.4458335 0.051563000000000025 0.07916699999999999
1 0.38359350000000003 0.3197915 0.05156299999999997 0.07708300000000001
1 0.4000005 0.204167 0.078125 0.08749999999999998
1 0.4789065 0.2125 0.07031300000000007 0.09166599999999997
1 0.48906299999999997 0.7520835 0.06874999999999998 0.12083299999999997
1 0.4914065 0.3385415 0.05468700000000004 0.08541699999999997
1 0.49296850000000003 0.5958335 0.054686999999999986 0.09583300000000006
1 0.49609349999999997 0.45104150000000004 0.04843700000000001 0.08958300000000002
1 0.59375 0.27187500000000003 0.043749999999999956 0.07708399999999999
1 0.5953124999999999 0.3625 0.021874999999999978 0.09583399999999997
1 0.602344 0.4947915 0.029687999999999937 0.10208300000000003
1 0.60625 0.6312500000000001 0.03125 0.120834
1 0.6156245 0.789583 0.028124999999999956 0.13750000000000007
1 0.6398440000000001 0.3125 0.03906200000000004 0.11666600000000005
1 0.6585935 0.441667 0.03281300000000009 0.08749999999999997
1 0.6640625 0.561458 0.034375000000000044 0.09375
1 0.6742185 0.692708 0.026563000000000003 0.10624999999999996
1 0.690625 0.8447920000000001 0.03749999999999998 0.11875000000000002
1 0.6921875 0.3812499999999999 0.03437499999999993 0.0625
1 0.692969 0.48020799999999997 0.026562000000000086 0.08124999999999999
1 0.7023435 0.5989585000000001 0.020313000000000025 0.09791699999999992
1 0.715625 0.7229165000000001 0.025000000000000022 0.10416700000000001
1 0.7257815 0.4291665 0.03281299999999998 0.10833300000000001
1 0.734375 0.8843749999999999 0.018750000000000044 0.089584
1 0.746875 0.5427080000000001 0.012500000000000067 0.08125000000000004
1 0.7570315000000001 0.658333 0.02343700000000004 0.07500000000000007
1 0.7742184999999999 0.7864585000000001 0.02343700000000004 0.08541699999999997
1 0.789844 0.9260415000000001 0.026561999999999975 0.08541699999999997
1 0.8984375 0.23124999999999998 0.05312500000000009 0.11666599999999999
1 0.9164065 0.33437500000000003 0.06093700000000002 0.08541599999999999
1 0.9351565 0.43958349999999996 0.06406300000000009 0.091667
