1 0.28571450000000004 0.26875 0.04668500000000003 0.03749999999999998
1 0.280579 0.24406250000000002 0.019608000000000014 0.02562500000000001
1 0.29225049999999997 0.294375 0.028010999999999953 0.02749999999999997
1 0.30345500000000003 0.235625 0.020542000000000005 0.01874999999999999
1 0.334267 0.308125 0.026144000000000004 0.027500000000000024
1 0.339402 0.2765625 0.02521000000000001 0.02562500000000001
1 0.3585435 0.24406250000000002 0.04855300000000001 0.03562500000000002
1 0.34920650000000003 0.22 0.020540999999999976 0.02250000000000002
1 0.3585435 0.3278125 0.022409000000000012 0.02937500000000004
1 0.3636785 0.2978125 0.023343000000000003 0.030625000000000013
1 0.36741399999999996 0.266875 0.02521000000000001 0.027500000000000024
1 0.37535 0.2096875 0.020542000000000005 0.02562500000000001
1 0.4019605 0.37687499999999996 0.023343000000000003 0.03250000000000003
1 0.408497 0.3403125 0.030811999999999947 0.030625000000000013
1 0.4117645 0.3125 0.028011000000000005 0.028750000000000053
1 0.41549949999999997 0.280625 0.020540999999999976 0.027500000000000024
1 0.4183004999999999 0.24906250000000002 0.020540999999999976 0.025625000000000037
1 0.43510750000000004 0.2175 0.04855300000000001 0.03375
1 0.42483650000000006 0.19375 0.022409000000000012 0.023749999999999993
1 0.4323065 0.37 0.022409000000000012 0.028749999999999998
1 0.4374415 0.33187500000000003 0.023343000000000003 0.027500000000000024
1 0.44117649999999997 0.30125 0.02521100000000004 0.027500000000000024
1 0.4425775 0.2678125 0.022409000000000012 0.029374999999999984
1 0.4477125 0.2390625 0.023343000000000003 0.02562500000000001
1 0.4537815 0.1834375 0.02054100000000003 0.020625000000000004
1 0.522876 0.208125 0.02054200000000006 0.028749999999999998
1 0.525677 0.1803125 0.02054199999999995 0.02562499999999998
1 0.525677 0.2346875 0.02054199999999995 0.030625000000000013
1 0.545752 0.2940625 0.025209999999999955 0.02937500000000004
1 0.5494865 0.20656249999999998 0.017741000000000007 0.021875000000000006
1 0.5494865 0.235625 0.017741000000000007 0.02250000000000002
1 0.5816995 0.385625 0.04108299999999998 0.03749999999999998
1 0.580299 0.493125 0.03268000000000004 0.04625000000000001
1 0.5816995 0.435625 0.035480999999999985 0.04125000000000001
1 0.6241829999999999 0.37 0.03828200000000004 0.04125000000000001
1 0.6251165 0.42125 0.036414999999999975 0.04249999999999998
1 0.6265175000000001 0.475625 0.033613000000000004 0.04625000000000001
1 0.6302525 0.5365625 0.04108299999999998 0.048125000000000084
1 0.6381885 0.213125 0.03081300000000009 0.028749999999999998
1 0.640523 0.245625 0.02054199999999995 0.028749999999999998
1 0.695145 0.19687500000000002 0.03268000000000004 0.027499999999999997
1 0.701681 0.2265625 0.03081200000000006 0.02562500000000001
1 0.7058825 0.2571875 0.028011000000000005 0.02562500000000001
1 0.7399625 0.33281249999999996 0.036414999999999975 0.03937499999999999
1 0.7474325 0.385625 0.045750999999999986 0.04249999999999998
1 0.753968 0.4425 0.043884000000000034 0.04749999999999999
1 0.761438 0.49875 0.04388399999999992 0.05499999999999999
1 0.7679739999999999 0.565 0.05135400000000001 0.05124999999999991
1 0.7754435000000002 0.6340625 0.045750999999999986 0.05812499999999998
1 0.7824464999999999 0.7115625 0.048552999999999964 0.059374999999999956
1 0.8113915 0.1965625 0.014938999999999925 0.026874999999999982
1 0.8174605 0.23062500000000002 0.017741000000000007 0.027499999999999997
1 0.8408030000000001 0.235 0.008403999999999967 0.022499999999999992
1 0.8622785000000001 0.2571875 0.01027100000000003 0.021875000000000006
1 0.8753504999999999 0.2690625 0.015873000000000026 0.021875000000000033
1 0.8996265000000001 0.34468750000000004 0.017741000000000007 0.03562499999999996
1 0.9070959999999999 0.299375 0.01213799999999998 0.02749999999999997
1 0.9112979999999999 0.39625 0.02054199999999995 0.04125000000000001
1 0.9173669999999999 0.361875 0.017739999999999978 0.03874999999999995
1 0.926237 0.4528125 0.02054200000000006 0.04812499999999997
1 0.931373 0.4175 0.025209999999999955 0.04625000000000001
1 0.9337065 0.32406250000000003 0.014939000000000036 0.025624999999999953
1 0.9481795 0.4721875 0.023343000000000003 0.049375
1 0.9603175000000002 0.404375 0.017741000000000007 0.03749999999999998
1 0.9775910000000001 0.4196875 0.02054200000000006 0.038124999999999964
