1 0.0321875 0.4465245 0.020625000000000004 0.09090900000000002
1 0.0746875 0.8549465 0.033124999999999995 0.12433100000000008
1 0.0809375 0.6029410000000001 0.033125 0.11229999999999996
1 0.1303125 0.8342244999999999 0.03187499999999999 0.10962499999999997
1 0.1359375 0.593583 0.023124999999999993 0.11497400000000002
1 0.194375 0.608289 0.01874999999999999 0.08556200000000003
1 0.2215625 0.608289 0.021875000000000006 0.08556200000000003
1 0.23531249999999998 0.050134000000000005 0.03687499999999996 0.06550800000000001
1 0.24656250000000002 0.858957 0.02562500000000001 0.08689800000000003
1 0.3021875 0.6096254999999999 0.02937500000000004 0.10962499999999997
1 0.30656249999999996 0.40508 0.02812500000000001 0.11229999999999996
1 0.3109375 0.225936 0.02437499999999998 0.09893000000000002
1 0.3528125 0.6096254999999999 0.025624999999999953 0.10962499999999997
1 0.4615625 0.836898 0.008124999999999993 0.02673800000000004
1 0.46375 0.7680484999999999 0.003750000000000031 0.04946499999999998
1 0.5090625 0.6824865 0.008125000000000049 0.052138999999999935
1 0.5146875 0.7479944999999999 0.01937500000000003 0.030748999999999915
1 0.5115624999999999 0.596925 0.008125000000000049 0.05748600000000004
1 0.515625 0.838904 0.004999999999999893 0.03609600000000002
1 0.521875 0.6758025 0.007500000000000062 0.04946499999999998
1 0.5225 0.5915775 0.006249999999999978 0.052138999999999935
1 0.5231250000000001 0.8402405000000001 0.0050000000000000044 0.03342300000000009
1 0.5234375 0.753342 0.0006250000000000977 0.041443999999999925
1 0.5325 0.571524 0.008750000000000036 0.05481199999999998
1 0.5325 0.743984 0.008750000000000036 0.03876999999999997
1 0.5334375 0.653075 0.010624999999999996 0.04411799999999999
1 0.5449999999999999 0.743984 0.007499999999999951 0.03876999999999997
1 0.5475 0.571524 0.007500000000000062 0.05481199999999998
1 0.559375 0.739973 0.006249999999999978 0.041444000000000036
1 0.6018749999999999 0.844251 0.011250000000000093 0.041444000000000036
1 0.6121875 0.8402405000000001 0.01187500000000008 0.04411700000000007
1 0.6346875000000001 0.705214 0.018125000000000058 0.07085600000000003
1 0.631875 0.845588 0.010000000000000009 0.04411799999999999
1 0.633125 0.609626 0.010000000000000009 0.07753999999999994
1 0.65375 0.4766045 0.015000000000000013 0.07887700000000003
1 0.65375 0.5902405 0.015000000000000013 0.070855
1 0.65625 0.7165775000000001 0.014999999999999902 0.061497000000000024
1 0.683125 0.5768715000000001 0.012499999999999956 0.07620300000000002
1 0.6865625 0.6985294999999999 0.014375000000000027 0.06283499999999997
1 0.7196875 0.693182 0.01937500000000003 0.10026800000000002
1 0.7190624999999999 0.5548124999999999 0.013124999999999942 0.08823499999999995
1 0.7325 0.838904 0.03249999999999997 0.06818199999999996
1 0.7603125 0.5347594999999999 0.025624999999999898 0.09625699999999998
1 0.7603125 0.404412 0.018125000000000058 0.06015999999999999
1 0.7684375 0.8415775000000001 0.02937499999999993 0.06818100000000005
1 0.7640625 0.6724595 0.013125000000000053 0.09358299999999997
1 0.8203125 0.37700500000000003 0.020624999999999893 0.08288800000000002
1 0.8203125 0.5247325 0.018124999999999947 0.102941
1 0.8265625 0.6631015 0.018124999999999947 0.07486700000000002
1 0.8690625000000001 0.4097595 0.010624999999999996 0.04946499999999998
1 0.8740625 0.5381020000000001 0.015625 0.06550800000000001
1 0.87875 0.6838234999999999 0.011249999999999982 0.070855
1 0.880625 0.82754 0.012499999999999956 0.0802139999999999
1 0.89 0.439171 0.008750000000000036 0.06015999999999999
1 0.8946875 0.560829 0.015625 0.06550800000000001
1 0.8990625 0.6945185 0.01187500000000008 0.08155100000000004
1 0.905625 0.449198 0.008750000000000036 0.074866
1 0.91 0.831551 0.010000000000000009 0.07219199999999992
1 0.91125 0.5795455 0.012499999999999956 0.08155100000000004
1 0.915 0.693182 0.010000000000000009 0.06818199999999996
1 0.9203125000000001 0.4752675 0.010624999999999996 0.04946499999999998
1 0.9246875 0.8248665 0.014375000000000027 0.04545499999999991
1 0.9234374999999999 0.5929144999999999 0.009375000000000022 0.06016100000000002
1 0.93875 0.506016 0.006249999999999978 0.05481199999999998
1 0.953125 0.8375665000000001 0.008750000000000036 0.054813
1 0.9740625 0.828877 0.020625000000000004 0.04278000000000004
1 0.99375 0.89238 0.011249999999999982 0.07085599999999992
