1 0.18125000000000002 0.549296 0.037500000000000006 0.07042199999999998
1 0.1796875 0.37089200000000005 0.02812500000000001 0.05164400000000003
1 0.2578125 0.6384975 0.01875099999999999 0.028169
1 0.267969 0.524648 0.029687999999999992 0.039906
1 0.27031249999999996 0.3673705 0.03437499999999999 0.044601
1 0.3046875 0.631455 0.015625 0.02347399999999999
1 0.33671850000000003 0.53169 0.02031299999999997 0.025822000000000015
1 0.3382815 0.3779345 0.017187000000000008 0.042252999999999985
1 0.33984349999999997 0.491784 0.017187000000000008 0.025822000000000015
1 0.350781 0.6255865 0.01718799999999998 0.03521099999999999
1 0.3617185 0.41549300000000006 0.020313000000000025 0.061031999999999975
1 0.3640625 0.559859 0.021874999999999978 0.058686000000000016
1 0.4281255 0.38262900000000005 0.05312499999999998 0.112676
1 0.423438 0.245305 0.03125 0.06337999999999999
1 0.43125 0.5375584999999999 0.03750000000000003 0.084507
1 0.4796875 0.5622065 0.021874999999999978 0.05868499999999999
1 0.4820315 0.42018750000000005 0.020313000000000025 0.061033000000000004
1 0.5796875 0.5187795 0.03749899999999995 0.07511699999999999
1 0.5796875 0.406103 0.034375000000000044 0.06572800000000001
1 0.6890624999999999 0.42723000000000005 0.009375000000000022 0.04694799999999998
1 0.7156255 0.508216 0.028124999999999956 0.07277
1 0.713281 0.406103 0.014061999999999908 0.06572800000000001
1 0.734375 0.3368545 0.02499999999999991 0.05399100000000002
1 0.7382815 0.406103 0.017186999999999952 0.02347399999999999
1 0.7804685 0.4178405 0.020313000000000025 0.03755900000000001
