1 0.103125 0.425 0.04875 0.15333399999999997
1 0.099375 0.637917 0.03375 0.01749999999999996
1 0.17625 0.6983334999999999 0.12499999999999999 0.15833299999999995
1 0.2165625 0.4070835 0.05687500000000001 0.17583300000000002
1 0.27375000000000005 0.69875 0.028749999999999998 0.17416600000000004
1 0.328125 0.63375 0.04125000000000001 0.029166000000000025
1 0.338125 0.3854165 0.05125000000000002 0.164167
1 0.3796875 0.64125 0.02562500000000001 0.04083400000000004
1 0.4871875 0.695 0.09687500000000004 0.2066659999999999
1 0.7265625 0.3904165 0.06062499999999993 0.18416699999999997
1 0.9065624999999999 0.4170835 0.06187500000000001 0.17583300000000002
1 0.9078124999999999 0.71125 0.06187500000000001 0.1875
