1 0.079375 0.414634 0.15375 0.13508399999999998
1 0.16375 0.2884615 0.08249999999999999 0.05534699999999997
1 0.214375 0.37148200000000003 0.15250000000000002 0.13696000000000003
1 0.2834375 0.25 0.07562499999999997 0.05910000000000002
1 0.3046875 0.5253285 0.07937499999999997 0.07129500000000005
1 0.3628125 0.32035650000000004 0.078125 0.06848100000000001
1 0.39125 0.219043 0.0675 0.04033800000000001
1 0.4675 0.4821765 0.08500000000000002 0.08067500000000005
1 0.48906250000000007 0.27720449999999996 0.07937500000000003 0.06660499999999997
1 0.496875 0.19465300000000002 0.06874999999999998 0.04408999999999999
1 0.6065625 0.159944 0.06562500000000004 0.04409000000000002
1 0.625 0.2335835 0.07125000000000004 0.06941900000000001
1 0.645625 0.4390245 0.09000000000000008 0.07879900000000001
1 0.7328125000000001 0.10788 0.08187500000000003 0.04502800000000001
1 0.7878125 0.20028150000000003 0.145625 0.12476500000000001
1 0.85375 0.0694185 0.13 0.052533
