1 0.6103125 0.43335949999999995 0.078125 0.111199
1 0.2240625 0.544164 0.02562500000000001 0.08201800000000005
1 0.23375 0.4112775 0.028750000000000026 0.08438499999999999
1 0.250625 0.5295745000000001 0.03 0.08438500000000004
1 0.259375 0.39235000000000003 0.028749999999999998 0.08754
1 0.2778125 0.5173500000000001 0.02437499999999998 0.08044200000000003
1 0.28500000000000003 0.3730285 0.02999999999999997 0.09148299999999998
1 0.31343750000000004 0.504732 0.03562499999999996 0.102524
1 0.3221875 0.34897500000000004 0.03687499999999999 0.10488999999999998
1 0.3453125 0.4909305 0.02812500000000001 0.10646699999999996
1 0.35562499999999997 0.326498 0.03250000000000003 0.11514199999999997
1 0.38968749999999996 0.4700315 0.04062499999999997 0.11671900000000007
1 0.3971875 0.2957415 0.04187500000000005 0.12145099999999998
1 0.438125 0.44952699999999995 0.044999999999999984 0.12775999999999993
1 0.4440625 0.2614355 0.05187499999999995 0.128549
1 0.49312500000000004 0.42547349999999995 0.06250000000000006 0.138013
1 0.5 0.22673500000000002 0.05499999999999999 0.142744
1 0.5625 0.220426 0.0462499999999999 0.12224000000000003
1 0.6178125 0.2425075 0.06687500000000002 0.128549
1 0.7009375 0.4601735 0.06437500000000007 0.12066300000000002
1 0.7009375 0.274842 0.05812499999999998 0.12539399999999998
1 0.7484375 0.29810749999999997 0.03687499999999999 0.11356499999999997
1 0.749375 0.4791005 0.03249999999999997 0.10646699999999996
1 0.79375 0.31545700000000004 0.061249999999999916 0.11041000000000001
1 0.7940624999999999 0.4858045 0.051875000000000004 0.11671899999999998
1 0.8365625 0.5011829999999999 0.03312500000000007 0.10331199999999996
1 0.8362499999999999 0.3328075 0.029999999999999916 0.09936899999999999
1 0.8771875 0.351735 0.051875000000000004 0.11041000000000001
1 0.8815625 0.5149845 0.04937499999999995 0.09936899999999999
1 0.9156249999999999 0.36790199999999995 0.025000000000000022 0.09069400000000001
1 0.91875 0.5276025 0.03125 0.09779099999999996
1 0.9456249999999999 0.376577 0.03500000000000003 0.09858
1 0.9475 0.533517 0.03374999999999995 0.08596199999999993
1 0.9775 0.3903785 0.028749999999999942 0.097791
1 0.97875 0.5461360000000001 0.03125 0.08596199999999997
