1 0.09999999999999999 0.7012499999999999 0.03666599999999999 0.02375000000000005
1 0.12749999999999997 0.6971875000000001 0.031665999999999986 0.021874999999999978
1 0.16624999999999998 0.705625 0.04083400000000001 0.028749999999999942
1 0.46124999999999994 0.3571875 0.057499999999999996 0.10812500000000003
1 0.5429165 0.485625 0.06583300000000003 0.12125000000000002
1 0.5466664999999999 0.34625 0.06333299999999997 0.11624999999999996
1 0.6333335 0.3334375 0.06333300000000008 0.11812500000000004
1 0.6329165 0.4759375 0.05916699999999997 0.12687500000000007
1 0.7254165 0.3178125 0.06583300000000003 0.11812500000000004
1 0.73 0.46499999999999997 0.07000000000000006 0.12499999999999994
