1 0.448125 0.881111 0.007500000000000007 0.020000000000000018
1 0.44937499999999997 0.723333 0.007500000000000007 0.01777800000000007
1 0.44937499999999997 0.8494445 0.007500000000000007 0.02111099999999999
1 0.44937499999999997 0.9722219999999999 0.007500000000000007 0.020000000000000018
1 0.44999999999999996 0.755 0.00874999999999998 0.023333999999999966
1 0.449375 0.816667 0.0050000000000000044 0.01777799999999996
1 0.449375 0.9133335 0.0050000000000000044 0.015554999999999986
1 0.450625 0.7855555 0.007499999999999951 0.02444499999999994
1 0.45125 0.9461109999999999 0.006249999999999978 0.023333999999999966
1 0.4609375 0.7594445000000001 0.010624999999999996 0.023332999999999937
1 0.4609375 0.788889 0.010624999999999996 0.022222000000000075
1 0.4615625 0.8861114999999999 0.009375000000000022 0.02111099999999999
1 0.4621875 0.9872225000000001 0.010625000000000051 0.023333000000000048
1 0.4621875 0.823333 0.008124999999999993 0.022221999999999964
1 0.4621875 0.8572225000000001 0.008124999999999993 0.023333000000000048
1 0.4628125 0.7266670000000001 0.009375000000000022 0.019999999999999907
1 0.4628125 0.9211110000000002 0.009375000000000022 0.01777800000000007
1 0.4628125 0.9544445 0.009375000000000022 0.02444500000000005
1 0.47375 0.9577780000000001 0.010000000000000009 0.022221999999999964
1 0.473125 0.828889 0.006250000000000033 0.020000000000000018
1 0.47375 0.7227775 0.007500000000000007 0.023332999999999937
1 0.47375 0.855 0.007500000000000007 0.014444000000000012
1 0.474375 0.7933330000000001 0.008750000000000036 0.01777799999999996
1 0.474375 0.8905555 0.006249999999999978 0.02111099999999999
1 0.47375 0.7616665 0.0025000000000000022 0.018889000000000045
1 0.474375 0.9244439999999999 0.003750000000000031 0.020000000000000018
1 0.47624999999999995 0.9905555 0.007500000000000007 0.016666999999999987
1 0.4853125 0.7255555 0.010624999999999996 0.017776999999999932
1 0.485 0.7627775 0.007500000000000007 0.016666999999999987
1 0.4865625 0.793889 0.010624999999999996 0.023334000000000077
1 0.4865625 0.8311109999999999 0.008124999999999993 0.015556000000000014
1 0.4865625 0.8622219999999999 0.008124999999999993 0.022222000000000075
1 0.4871875 0.9316665 0.009375000000000022 0.02111099999999999
1 0.4871875 0.8994445000000001 0.0068749999999999645 0.02111099999999999
1 0.4871875 0.9644445 0.0068749999999999645 0.017777000000000043
1 0.499375 0.9772219999999999 0.007500000000000062 0.025556000000000023
1 0.5115624999999999 0.842778 0.009375000000000022 0.030000000000000027
1 0.5140625000000001 0.9188890000000001 0.011874999999999969 0.022222000000000075
1 0.5153125000000001 0.7344445 0.011874999999999969 0.026667000000000107
1 0.5140625 0.88 0.0068749999999999645 0.02666600000000008
1 0.5146875 0.766111 0.008125000000000049 0.023333999999999966
1 0.5153125000000001 0.8016665000000001 0.0068750000000000755 0.025554999999999994
1 0.5153125000000001 0.9588884999999999 0.0068750000000000755 0.028889000000000054
1 0.53375 0.9677775 0.009999999999999898 0.028889000000000054
1 0.5325 0.735556 0.0050000000000000044 0.020000000000000018
1 0.534375 0.7711109999999999 0.006249999999999978 0.022221999999999964
1 0.535625 0.8505555 0.008750000000000036 0.023333000000000048
1 0.535625 0.8894445 0.008750000000000036 0.02777700000000005
1 0.535625 0.8105555 0.003750000000000031 0.025554999999999994
1 0.536875 0.9266665000000001 0.006250000000000089 0.02444499999999994
1 0.576875 0.932778 0.008750000000000036 0.02777800000000008
1 0.5775 0.8916665 0.007500000000000062 0.023333000000000048
1 0.5775 0.9700000000000001 0.007500000000000062 0.02444400000000002
1 0.5921875000000001 0.9783335 0.009375000000000022 0.023332999999999937
1 0.5928125 0.9338890000000001 0.008125000000000049 0.025556000000000023
1 0.5946875 0.8938885 0.009375000000000022 0.02111099999999999
