1 0.90625 0.3029165 0.09125000000000005 0.17083299999999998
1 0.10875 0.4641665 0.04500000000000001 0.24333300000000002
1 0.1228125 0.12250000000000001 0.024375000000000008 0.15500000000000003
1 0.1971875 0.5216665 0.015625 0.20333300000000007
1 0.21468749999999998 0.2583335 0.016875 0.138333
1 0.2340625 0.0316665 0.021875000000000006 0.063333
1 0.2746875 0.3183335 0.018125000000000002 0.10666700000000001
1 0.3140625 0.347083 0.014374999999999971 0.08749999999999997
1 0.4709375 0.7062499999999999 0.010624999999999996 0.03416600000000003
1 0.4909375 0.6999999999999998 0.011875000000000024 0.033334000000000086
1 0.513125 0.6945830000000001 0.008749999999999925 0.032500000000000084
1 0.5246875 0.689583 0.0068749999999999645 0.032500000000000084
1 0.5434375 0.687917 0.010624999999999996 0.022499999999999964
1 0.5790625 0.6887499999999999 0.014375000000000027 0.03416600000000003
1 0.6040625 0.6904165000000001 0.013124999999999942 0.030833
1 0.6653125 0.7470835 0.021874999999999978 0.12083299999999997
1 0.6756249999999999 0.5133335 0.03500000000000003 0.096667
1 0.6965625 0.74375 0.01937500000000003 0.124166
1 0.7190624999999999 0.484167 0.018125000000000058 0.09999999999999992
1 0.7328125 0.06375 0.026874999999999982 0.065834
1 0.7728125 0.4166665 0.05812499999999998 0.141667
1 0.7584375 0.18416699999999997 0.024375000000000036 0.13499999999999995
1 0.7625 0.725 0.032500000000000084 0.15500000000000003
1 0.8075 0.71125 0.030000000000000027 0.16916600000000004
1 0.8940625 0.05666649999999999 0.05312499999999998 0.103333
