1 0.0665625 0.24791700000000003 0.019374999999999996 0.03749999999999998
1 0.0696875 0.18166700000000002 0.018125000000000002 0.04000000000000001
1 0.15718749999999998 0.19458299999999998 0.016875 0.037500000000000006
1 0.1609375 0.3216665 0.016875 0.048333000000000015
1 0.1590625 0.2583335 0.010624999999999996 0.038333000000000034
1 0.1615625 0.45458350000000003 0.015625 0.04083299999999995
1 0.1628125 0.3875 0.018125000000000002 0.04166599999999998
1 0.21000000000000002 0.33749999999999997 0.024999999999999994 0.048334000000000044
1 0.21000000000000002 0.4570835 0.024999999999999994 0.03916700000000001
1 0.21250000000000002 0.21333349999999998 0.027499999999999997 0.04833299999999999
1 0.2115625 0.39416650000000003 0.019375000000000003 0.058333000000000024
1 0.2140625 0.2770835 0.021875000000000006 0.04416700000000001
1 0.24531250000000002 0.40124999999999994 0.023125000000000007 0.04416600000000004
1 0.2571875 0.33833350000000006 0.046875 0.046667000000000014
1 0.2584375 0.27999999999999997 0.044375000000000026 0.04666600000000004
1 0.2578125 0.2175 0.04062500000000002 0.043333999999999984
1 0.26125 0.464167 0.04375000000000001 0.040000000000000036
1 0.2728125 0.40541699999999997 0.020625000000000004 0.03250000000000003
1 0.545625 0.24875000000000003 0.040000000000000036 0.045833999999999986
1 0.545625 0.16708350000000002 0.03749999999999998 0.065833
1 0.5521875 0.6024999999999999 0.048125000000000084 0.05500000000000005
1 0.5490625 0.4270835 0.03562500000000002 0.06916699999999998
1 0.5549999999999999 0.5133335 0.04250000000000009 0.06166699999999997
1 0.5515625 0.33666700000000005 0.030625000000000013 0.04999999999999999
1 0.6003125 0.1754165 0.01937500000000003 0.04083300000000001
1 0.6028125 0.34166650000000004 0.021874999999999978 0.05333300000000002
1 0.6034375000000001 0.25916649999999997 0.02312499999999995 0.04333300000000001
1 0.6053125 0.605 0.024375000000000036 0.050000000000000044
1 0.6065625 0.5158335 0.016874999999999973 0.04666699999999996
1 0.6109375 0.42416649999999995 0.02562500000000001 0.05666700000000002
1 0.6321875 0.2583335 0.01937499999999992 0.038333000000000034
1 0.635 0.1754165 0.022499999999999964 0.04083300000000001
1 0.6403125000000001 0.43416649999999996 0.024374999999999925 0.048333000000000015
1 0.6415625 0.6066670000000001 0.026874999999999982 0.04999999999999993
1 0.6368750000000001 0.3529170000000001 0.015000000000000013 0.03750000000000003
1 0.6440625 0.524167 0.01937500000000003 0.04999999999999993
1 0.6628125 0.1833335 0.015625 0.063333
1 0.6646875 0.34 0.01937499999999992 0.04333400000000004
1 0.6653125 0.264167 0.020625000000000004 0.04000000000000001
1 0.673125 0.43375 0.026249999999999996 0.0625
1 0.6759375000000001 0.5225000000000001 0.020625000000000004 0.056665999999999994
1 0.6759375000000001 0.608333 0.020625000000000004 0.050000000000000044
1 0.6971875000000001 0.1875 0.01937500000000003 0.044999999999999984
1 0.7015625 0.3495835 0.02562500000000001 0.04083300000000001
1 0.7003125 0.26333349999999994 0.015625 0.03833299999999998
1 0.7046875 0.5216665 0.016874999999999973 0.058333000000000024
1 0.7084375 0.4366665 0.024374999999999925 0.046667000000000014
1 0.7090624999999999 0.6091664999999999 0.020625000000000004 0.05166700000000002
1 0.7303124999999999 0.26999999999999996 0.021874999999999978 0.05166600000000002
1 0.7296875 0.19999999999999998 0.018125000000000058 0.048334000000000016
1 0.7340625000000001 0.525833 0.020625000000000004 0.050000000000000044
1 0.7346874999999999 0.3583335 0.016875000000000084 0.048333000000000015
1 0.7371875 0.44416700000000003 0.02187500000000009 0.05499999999999999
1 0.7384375 0.6033335000000001 0.016874999999999973 0.043332999999999955
1 0.7578125 0.1954165 0.024375000000000036 0.03916700000000001
1 0.7609375 0.27541649999999995 0.015625 0.04416700000000001
1 0.7659375 0.3541665 0.02562500000000001 0.053332999999999964
1 0.7665625 0.44416700000000003 0.024375000000000036 0.05499999999999999
1 0.7678125 0.525 0.024375000000000036 0.04166599999999998
1 0.7728124999999999 0.6095835 0.020625000000000004 0.04083300000000001
1 0.81625 0.2808335 0.04125000000000001 0.058333000000000024
1 0.813125 0.2125 0.030000000000000027 0.056665999999999994
1 0.8162499999999999 0.4466665 0.036250000000000004 0.05333300000000002
1 0.8162499999999999 0.3641665 0.03375000000000006 0.05666700000000002
1 0.81875 0.60875 0.03875000000000006 0.04249999999999998
1 0.8196874999999999 0.5316664999999999 0.03187499999999999 0.05166700000000002
