1 0.5140625 0.7456695 0.06562499999999999 0.166929
1 0.083125 0.5901575 0.011249999999999996 0.0858270000000001
1 0.1665625 0.5326775 0.05437500000000001 0.14566900000000005
1 0.19437500000000002 0.32637800000000006 0.04250000000000001 0.12204800000000005
1 0.313125 0.297244 0.04749999999999999 0.13622
1 0.3290625 0.510236 0.051875000000000004 0.14960599999999996
1 0.5125 0.5137795000000001 0.06124999999999997 0.13937100000000002
1 0.625 0.5362205 0.0462499999999999 0.13228299999999993
1 0.625625 0.7452755000000001 0.04249999999999998 0.140945
1 0.685 0.5480315 0.032500000000000084 0.13228299999999998
1 0.6878124999999999 0.7460630000000001 0.03312499999999996 0.14251999999999998
1 0.7684375 0.566142 0.03562500000000002 0.11023600000000001
1 0.7696875000000001 0.744882 0.03312499999999996 0.11023600000000001
1 0.8125 0.577559 0.03374999999999995 0.11102400000000003
1 0.8153125 0.7496065000000001 0.0318750000000001 0.11181100000000001
1 0.885625 0.584252 0.02499999999999991 0.10866200000000004
1 0.8878125 0.7519685 0.023125000000000062 0.099213
1 0.9703125 0.5464564999999999 0.03562500000000002 0.05354300000000001
1 0.9703125 0.7244095 0.03562500000000002 0.05826699999999996
1 0.9734375 0.6342515 0.03937500000000005 0.04330699999999998
