1 0.2134375 0.5958335 0.016875 0.04166700000000001
1 0.21375 0.68125 0.013749999999999984 0.039166000000000034
1 0.2153125 0.41291649999999996 0.015625 0.03916700000000001
1 0.21437499999999998 0.5004164999999999 0.012499999999999983 0.04083300000000001
1 0.2390625 0.5950000000000001 0.015625 0.043333999999999984
1 0.24093750000000003 0.68125 0.014374999999999999 0.039166000000000034
1 0.2421875 0.41375 0.014375000000000027 0.03749999999999998
1 0.26468749999999996 0.68125 0.013124999999999998 0.039166000000000034
1 0.2653125 0.50125 0.014375000000000027 0.03916599999999998
1 0.2659375 0.5941665 0.015625 0.04166700000000001
1 0.26656250000000004 0.41291649999999996 0.01687500000000003 0.03916700000000001
1 0.3175 0.4166665 0.010000000000000009 0.05666700000000002
1 0.3190625 0.5058334999999999 0.010625000000000051 0.05166700000000002
1 0.3209375 0.6 0.00687500000000002 0.06000000000000005
1 0.349375 0.7000000000000001 0.04749999999999999 0.043333999999999984
1 0.3440625 0.415 0.01937500000000003 0.056665999999999994
1 0.3453125 0.5025000000000001 0.01687500000000003 0.058334
1 0.3465625 0.6 0.016874999999999973 0.06000000000000005
1 0.374375 0.415 0.012500000000000011 0.05333399999999999
1 0.374375 0.5058330000000001 0.010000000000000009 0.06
1 0.3765625 0.5991665 0.011875000000000024 0.06333299999999997
1 0.4171875 0.41583349999999997 0.02562500000000001 0.048333000000000015
1 0.4196875 0.5020835 0.02562500000000001 0.06416699999999997
1 0.4215625 0.5920835 0.024375000000000036 0.07416699999999998
1 0.5778125000000001 0.48833350000000003 0.014374999999999916 0.04166700000000001
1 0.5809375 0.587083 0.015625 0.04249999999999998
1 0.5815625 0.6775000000000001 0.014375000000000027 0.046665999999999985
1 0.6046875 0.486667 0.016875000000000084 0.04500000000000004
1 0.606875 0.585 0.015000000000000013 0.043333999999999984
1 0.60875 0.68 0.013749999999999929 0.04166600000000009
1 0.6315625 0.48666650000000006 0.015625 0.04333300000000001
1 0.6346875 0.5841665 0.016874999999999973 0.04833299999999996
1 0.6365625 0.6816665 0.015625 0.04166700000000001
1 0.965 0.5416664999999999 0.010000000000000009 0.011666999999999983
1 0.9690624999999999 0.57 0.013124999999999942 0.013334000000000068
1 0.96875 0.5941665 0.010000000000000009 0.016666999999999987
1 0.98375 0.5716665 0.008750000000000036 0.01333300000000004
1 0.984375 0.5416669999999999 0.010000000000000009 0.015000000000000013
