1 0.0834375 0.729167 0.08812500000000001 0.19500000000000006
1 0.1721875 0.74625 0.05812500000000001 0.19083400000000006
1 0.3540625 0.5895834999999999 0.024375000000000036 0.035833000000000004
1 0.3575 0.529583 0.026249999999999996 0.03249999999999997
1 0.36 0.47 0.026249999999999996 0.03166600000000003
1 0.36124999999999996 0.40958350000000004 0.023749999999999993 0.030833
1 0.438125 0.5804165 0.027500000000000024 0.03416700000000006
1 0.4440625 0.43625 0.02812500000000001 0.03250000000000003
1 0.4446875 0.5095835000000001 0.029374999999999984 0.034167
1 0.4478125 0.365 0.028124999999999956 0.03500000000000003
1 0.4484375 0.2925 0.026874999999999982 0.04166599999999998
1 0.4775 0.57875 0.03125 0.03749999999999998
1 0.48 0.5104165 0.036250000000000004 0.03583300000000006
1 0.4853125 0.435417 0.030625000000000013 0.03749999999999998
1 0.4871875 0.3633335 0.026874999999999982 0.038333000000000006
1 0.48843749999999997 0.286667 0.026874999999999982 0.040000000000000036
1 0.5175 0.5820835000000001 0.03125 0.04083300000000001
1 0.52 0.507917 0.03125 0.03749999999999998
1 0.5240625 0.43916700000000003 0.028124999999999956 0.034999999999999976
1 0.5253125 0.3633335 0.02562500000000001 0.038333000000000006
1 0.5265625 0.29 0.02562500000000001 0.03333400000000003
1 0.5571875 0.5812499999999999 0.024374999999999925 0.03583400000000003
1 0.5621875000000001 0.5095835000000001 0.026875000000000093 0.034167
1 0.5634375 0.4370835 0.02937500000000004 0.034167
1 0.5662499999999999 0.36250000000000004 0.03500000000000003 0.03999999999999998
1 0.5665625 0.285 0.02562500000000001 0.03999999999999998
1 0.59375 0.49875 0.012499999999999956 0.029166000000000025
1 0.5990625 0.4375 0.018125000000000058 0.04166599999999998
1 0.6003125 0.36000000000000004 0.018124999999999947 0.03833399999999998
1 0.60875 0.2841665 0.02750000000000008 0.04166700000000001
1 0.7490625 0.5183335000000001 0.018125000000000058 0.03833299999999995
1 0.7521875 0.4391665 0.016874999999999973 0.04166700000000001
1 0.7546875 0.36416650000000006 0.01937500000000003 0.046667000000000014
1 0.7565625 0.28916650000000005 0.018124999999999947 0.04166700000000001
1 0.7771874999999999 0.6687500000000001 0.018125000000000058 0.03583400000000003
1 0.7803125 0.5958335 0.01937500000000003 0.03833299999999995
1 0.7834375 0.5191665 0.015625 0.04666699999999996
1 0.786875 0.445 0.013749999999999929 0.046665999999999985
1 0.7915625 0.369167 0.015625 0.03999999999999998
1 0.7940624999999999 0.29541700000000004 0.020625000000000004 0.03250000000000003
1 0.80625 0.6725 0.022499999999999964 0.036665999999999976
1 0.8078125 0.6 0.01937500000000003 0.040000000000000036
1 0.8115625 0.445833 0.024375000000000036 0.044999999999999984
1 0.8121875000000001 0.525 0.020625000000000004 0.04166599999999998
1 0.8140625 0.3683334999999999 0.024375000000000036 0.048333000000000015
1 0.8178125 0.29875 0.01937500000000003 0.03583399999999998
1 0.8421875000000001 0.60375 0.01937500000000003 0.03583399999999992
1 0.844375 0.5266665 0.01750000000000007 0.04166700000000001
1 0.8490625 0.4504165 0.01937500000000003 0.03916699999999995
1 0.8509375 0.3754165 0.015625 0.04083300000000001
1 0.8540625 0.30458349999999995 0.01937500000000003 0.034167
