1 0.28312499999999996 0.5025000000000001 0.27875 0.03250000000000003
1 0.2846875 0.4475 0.275625 0.03249999999999997
1 0.2846875 0.28625 0.27187500000000003 0.04125000000000001
1 0.285625 0.1803125 0.27375 0.030624999999999986
1 0.285625 0.3921875 0.27375 0.03437499999999999
1 0.285625 0.23249999999999998 0.27 0.0325
1 0.28812499999999996 0.3384375 0.27499999999999997 0.03562500000000002
1 0.333125 0.396875 0.023749999999999993 0.023749999999999993
1 0.4871875 0.16499999999999998 0.016874999999999973 0.027499999999999997
1 0.4890625 0.5349999999999999 0.020625000000000004 0.028749999999999942
1 0.486875 0.3409375 0.01375000000000004 0.030625000000000013
1 0.4878125 0.2146875 0.015625 0.03437499999999999
1 0.4878125 0.3878125 0.015625 0.03562500000000002
1 0.4896875 0.295625 0.01937500000000003 0.028749999999999998
1 0.48875 0.48625 0.013749999999999984 0.03375000000000006
1 0.490625 0.4384375 0.013749999999999984 0.030625000000000013
