1 0.1889055 0.3565625 0.026986999999999983 0.05312499999999998
1 0.1907795 0.2840625 0.030734999999999985 0.04812499999999997
1 0.19827599999999998 0.21500000000000002 0.036732000000000015 0.056249999999999994
1 0.2008995 0.145625 0.034483000000000014 0.0475
1 0.21027 0.0234375 0.029236000000000012 0.046875
1 0.32083949999999994 0.0415625 0.032982999999999985 0.040624999999999994
1 0.3189655 0.10375 0.02473700000000001 0.046249999999999986
1 0.5153669999999999 0.0234375 0.024738000000000038 0.046875
1 0.589205 0.036250000000000004 0.01649199999999995 0.0375
1 0.6270615 0.043125 0.014243000000000004 0.04125
