1 0.0475 0.47166650000000004 0.0675 0.148333
1 0.075625 0.6362500000000001 0.11375 0.22250000000000003
1 0.0625 0.34 0.04 0.08500000000000002
1 0.09375 0.42625 0.07250000000000001 0.14250000000000002
1 0.1003125 0.29624999999999996 0.046875 0.07916600000000001
1 0.12937500000000002 0.2658335 0.047500000000000014 0.088333
1 0.1615625 0.36125 0.101875 0.17916600000000002
1 0.1746875 0.22458299999999998 0.05812499999999998 0.11249999999999999
1 0.2234375 0.50625 0.135625 0.240834
1 0.2475 0.1316665 0.07999999999999999 0.133333
1 0.34781249999999997 0.20041699999999998 0.08437500000000003 0.1775
