1 0.0715625 0.6382775 0.02562500000000001 0.13205699999999998
1 0.08781249999999999 0.4444975 0.033125 0.11770300000000007
1 0.2615625 0.6086125 0.04187499999999997 0.10717700000000009
1 0.26687500000000003 0.405263 0.037500000000000006 0.11770399999999999
1 0.36343749999999997 0.415311 0.030624999999999958 0.05933
1 0.37124999999999997 0.366507 0.03375 0.03062199999999998
1 0.4078125 0.252632 0.02437499999999998 0.09378
1 0.450625 0.25933 0.05874999999999997 0.091866
1 0.4409375 0.6411485 0.026874999999999982 0.10143499999999994
1 0.4659375 0.420574 0.04062500000000002 0.1311
1 0.4859375 0.6492825 0.04187499999999994 0.117703
1 0.50375 0.42918649999999997 0.03250000000000003 0.121531
1 0.5184375 0.651675 0.02562500000000001 0.09569399999999995
1 0.5678125 0.54067 0.021874999999999978 0.08229599999999992
1 0.5903125 0.54689 0.02562500000000001 0.10622
1 0.6231249999999999 0.5272730000000001 0.04999999999999993 0.09377999999999997
1 0.6884375 0.5282295 0.03687499999999999 0.11100500000000002
1 0.7428125000000001 0.5229665 0.03187499999999999 0.10430699999999998
1 0.813125 0.5244019999999999 0.03875000000000006 0.099522
1 0.8587499999999999 0.52823 0.03749999999999998 0.088038
