1 0.15419049999999998 0.678125 0.21236699999999997 0.23124999999999996
1 0.154597 0.36968749999999995 0.187144 0.31437499999999996
1 0.32343350000000004 0.723125 0.05288900000000002 0.16000000000000003
1 0.32465449999999996 0.5240625 0.03742899999999999 0.10812500000000003
1 0.4222945 0.569375 0.047192999999999985 0.10625000000000007
1 0.42148099999999994 0.7324999999999999 0.035802 0.13875000000000004
1 0.5699755 0.6496875 0.026850999999999955 0.08187500000000003
1 0.5846214999999999 0.520625 0.015459 0.04249999999999998
1 0.611473 0.5359375 0.015459999999999918 0.04937500000000006
1 0.6236775 0.6709375 0.026850999999999955 0.09062500000000007
1 0.662327 0.4821875 0.024410000000000043 0.020625000000000004
1 0.6635475 0.68625 0.013832999999999984 0.07999999999999996
1 0.7249795 0.5290625 0.006509000000000098 0.04937499999999995
