1 0.1164045 0.2240625 0.07207899999999999 0.081875
1 0.3334715 0.630625 0.058823000000000014 0.10125000000000006
1 0.340928 0.42593749999999997 0.05882399999999999 0.10062500000000002
1 0.3471415 0.27125 0.05468099999999997 0.07874999999999999
1 0.35418399999999994 0.1396875 0.05882399999999999 0.06812499999999999
1 0.4639605 0.4096875 0.13421700000000003 0.09562500000000002
1 0.4627175 0.2528125 0.11350499999999997 0.071875
1 0.45816099999999993 0.11937500000000001 0.09941999999999995 0.06500000000000002
1 0.551367 0.151875 0.040595999999999965 0.06500000000000002
1 0.564623 0.27656250000000004 0.04556800000000005 0.085625
1 0.5952774999999999 0.4446875 0.07042300000000001 0.104375
1 0.7278374999999999 0.254375 0.05385300000000003 0.08499999999999999
1 0.7539355 0.37906249999999997 0.06130900000000006 0.09562500000000002
1 0.7729905000000001 0.53625 0.05468099999999997 0.07499999999999996
1 0.9225355 0.4609375 0.09030700000000004 0.07187500000000002
