1 0.009062500000000001 0.38570100000000007 0.009375 0.013170000000000015
1 0.014375 0.9369710000000001 0.0125 0.020696000000000048
1 0.013750000000000002 0.37723450000000003 0.0075000000000000015 0.011289000000000049
1 0.0175 0.362653 0.009999999999999998 0.010348000000000024
1 0.0240625 0.9096894999999999 0.014374999999999999 0.020697000000000076
1 0.026250000000000002 0.2723425 0.0125 0.021637000000000017
1 0.0296875 0.885701 0.015625 0.02351800000000004
1 0.028125 0.3518345 0.00875 0.011288999999999993
1 0.036875000000000005 0.9713075 0.00875 0.02916300000000005
1 0.0453125 0.9327375 0.015625 0.02916300000000005
1 0.057499999999999996 0.8960490000000001 0.011250000000000003 0.025399999999999978
1 0.06562499999999999 0.8626530000000001 0.012499999999999997 0.022577999999999987
1 0.0809375 0.8179680000000001 0.015625 0.02728200000000003
1 0.08812500000000001 0.7864534999999999 0.008749999999999994 0.018815000000000026
1 0.0959375 0.7563495 0.014374999999999999 0.024459000000000005
1 0.0984375 0.962841 0.014374999999999999 0.029162000000000018
1 0.1034375 0.7257760000000001 0.019375000000000003 0.025399999999999978
1 0.1053125 0.9233305 0.013124999999999998 0.027281000000000003
1 0.11124999999999999 0.6994355 0.013749999999999998 0.019754999999999967
1 0.115625 0.88476 0.009999999999999995 0.023517999999999928
1 0.1221875 0.6716840000000001 0.013124999999999998 0.028222000000000077
1 0.12406249999999999 0.8527755 0.01187500000000001 0.021637000000000017
1 0.1290625 0.647695 0.016875000000000015 0.02351800000000004
1 0.13437500000000002 0.8066789999999999 0.01125000000000001 0.025399999999999978
1 0.135625 0.6232365 0.013749999999999984 0.021637000000000017
1 0.140625 0.598307 0.013749999999999984 0.020695999999999937
1 0.144375 0.7699905 0.013749999999999984 0.021637000000000017
1 0.1490625 0.7488245 0.018124999999999974 0.024459000000000005
1 0.1490625 0.5761995 0.010625000000000023 0.015993000000000035
1 0.1559375 0.552211 0.009374999999999994 0.013169999999999906
1 0.159375 0.7196615000000001 0.009999999999999981 0.016932999999999976
1 0.164375 0.6872064999999999 0.010000000000000009 0.014111000000000096
1 0.171875 0.6580435 0.010000000000000009 0.014110999999999985
1 0.1771875 0.6340545000000001 0.005624999999999991 0.011288999999999993
1 0.1828125 0.970367 0.014374999999999999 0.025399999999999978
1 0.1821875 0.4952964999999999 0.010624999999999996 0.01599299999999998
1 0.185 0.6119475 0.010000000000000009 0.014110999999999985
1 0.18562499999999998 0.47507050000000006 0.01125000000000001 0.016932999999999976
1 0.190625 0.9289745 0.013750000000000012 0.023518999999999957
1 0.193125 0.5841955000000001 0.013750000000000012 0.011288999999999993
1 0.193125 0.4586075 0.008750000000000008 0.015993000000000035
1 0.19437500000000002 0.5625589999999999 0.008750000000000008 0.015051999999999954
1 0.19687500000000002 0.44026350000000003 0.008750000000000008 0.01693300000000003
1 0.19874999999999998 0.540452 0.009999999999999981 0.010348000000000024
1 0.19968750000000002 0.8875820000000001 0.011874999999999997 0.025399999999999978
1 0.2028125 0.4238005000000001 0.010624999999999996 0.008467000000000002
1 0.20468750000000002 0.8490125000000001 0.011874999999999997 0.021637000000000017
1 0.2065625 0.40639700000000006 0.010624999999999996 0.011287999999999965
1 0.2078125 0.3941675 0.010624999999999996 0.009406999999999999
1 0.214375 0.8132645000000001 0.007500000000000007 0.019755000000000078
1 0.215625 0.3786455 0.007499999999999979 0.014111000000000038
1 0.22 0.3621825 0.011249999999999982 0.01505099999999998
1 0.221875 0.7681089999999999 0.009999999999999981 0.017874000000000057
1 0.22375 0.3457195 0.008750000000000008 0.014110999999999985
1 0.2271875 0.736124 0.013125000000000026 0.017873999999999945
1 0.22843750000000002 0.3349015 0.010625000000000023 0.011288999999999993
1 0.2321875 0.32173100000000004 0.010624999999999996 0.01128800000000002
1 0.2334375 0.703669 0.010624999999999996 0.020696000000000048
1 0.235 0.3071495 0.007499999999999979 0.0065850000000000075
1 0.236875 0.67921 0.011249999999999982 0.022577999999999987
1 0.23875000000000002 0.9454375 0.014999999999999986 0.03198500000000004
1 0.238125 0.2916275 0.00874999999999998 0.005645000000000011
1 0.24624999999999997 0.9021640000000001 0.014999999999999986 0.022577999999999987
1 0.244375 0.28222 0.008750000000000008 0.009408000000000027
1 0.24562499999999998 0.648636 0.008750000000000008 0.015992000000000006
1 0.24874999999999997 0.6246475 0.009999999999999981 0.016932999999999976
1 0.2475 0.2714015 0.0050000000000000044 0.008467000000000002
1 0.2515625 0.8635934999999999 0.013124999999999998 0.026340999999999944
1 0.2565625 0.5917215 0.010625000000000051 0.016933000000000087
1 0.2565625 0.8250234999999999 0.010625000000000051 0.026340999999999944
1 0.26 0.574318 0.006249999999999978 0.017873999999999945
1 0.26375 0.788335 0.011249999999999982 0.03010399999999991
1 0.265625 0.546566 0.007499999999999951 0.015052000000000067
1 0.26937500000000003 0.5258705 0.007500000000000007 0.016932999999999976
1 0.270625 0.740828 0.010000000000000009 0.025399999999999978
1 0.27437500000000004 0.502822 0.007500000000000007 0.017873999999999945
1 0.275 0.7093134999999999 0.00874999999999998 0.026341000000000062
1 0.2778125 0.47413000000000005 0.009374999999999967 0.013170000000000015
1 0.28093749999999995 0.24082750000000003 0.008124999999999993 0.0037630000000000168
1 0.28218750000000004 0.675447 0.008124999999999993 0.02822199999999997
1 0.2846875 0.4543745 0.008124999999999993 0.009406999999999999
1 0.28531249999999997 0.22389449999999997 0.009374999999999967 0.005645000000000011
1 0.286875 0.6467544999999999 0.006249999999999978 0.021637000000000017
1 0.2875 0.43744099999999997 0.007500000000000007 0.01316999999999996
1 0.29000000000000004 0.9515520000000001 0.012500000000000011 0.03668799999999994
1 0.29000000000000004 0.4172155 0.007500000000000007 0.01222899999999999
1 0.29125 0.6185324999999999 0.010000000000000009 0.019755000000000078
1 0.29500000000000004 0.906867 0.017500000000000016 0.02822199999999997
1 0.29312499999999997 0.5945435 0.00874999999999998 0.024459000000000005
1 0.294375 0.40075249999999996 0.006249999999999978 0.013170999999999988
1 0.30093749999999997 0.8664154999999999 0.019374999999999976 0.03198499999999993
1 0.296875 0.3824085 0.006249999999999978 0.01222899999999999
1 0.299375 0.565851 0.008750000000000036 0.02540000000000009
1 0.30062500000000003 0.36688650000000006 0.00874999999999998 0.011288999999999993
1 0.3028125 0.5432734999999999 0.010624999999999996 0.019754999999999967
1 0.3053125 0.826905 0.010624999999999996 0.022577999999999987
1 0.3053125 0.35042300000000004 0.008124999999999993 0.017874
1 0.30781250000000004 0.519285 0.008124999999999993 0.020696000000000048
1 0.30843750000000003 0.33302 0.009374999999999967 0.013170000000000015
1 0.3090625 0.317968 0.008124999999999993 0.01693399999999995
1 0.3103125 0.7892760000000001 0.010624999999999996 0.02822199999999997
1 0.3125 0.49341500000000005 0.006249999999999978 0.01599200000000006
1 0.315 0.30432750000000003 0.008750000000000036 0.021636999999999962
1 0.315625 0.46942600000000007 0.010000000000000009 0.013170000000000015
1 0.315625 0.745061 0.010000000000000009 0.020696000000000048
1 0.3175 0.29162750000000004 0.011249999999999982 0.01505099999999998
1 0.319375 0.44778899999999994 0.010000000000000009 0.015052000000000008
1 0.320625 0.7093134999999999 0.010000000000000009 0.026341000000000062
1 0.32125000000000004 0.27516500000000005 0.011250000000000038 0.017874
1 0.321875 0.266698 0.012500000000000011 0.015992000000000006
1 0.3225 0.42756350000000004 0.013749999999999984 0.014110999999999985
1 0.32375 0.6843840000000001 0.00874999999999998 0.023517999999999928
1 0.32375 0.25211649999999997 0.006250000000000033 0.009406999999999999
1 0.32499999999999996 0.2427095 0.00874999999999998 0.016933000000000004
1 0.325625 0.40545600000000004 0.010000000000000009 0.015052000000000008
1 0.326875 0.3880525 0.009999999999999953 0.01222899999999999
1 0.328125 0.648636 0.007499999999999951 0.02163599999999999
1 0.3321875 0.621355 0.010624999999999996 0.02540000000000009
1 0.33343750000000005 0.3697085 0.013124999999999998 0.013171000000000044
1 0.3353125 0.9694260000000001 0.016874999999999973 0.02540000000000009
1 0.33218749999999997 0.21636899999999998 0.005625000000000047 0.007526000000000004
1 0.3340625 0.20602100000000004 0.009375000000000022 0.013169999999999989
1 0.3359375 0.593603 0.010624999999999996 0.02634000000000003
1 0.3371875 0.35371550000000007 0.010625000000000051 0.011288999999999993
1 0.3375 0.193321 0.007500000000000007 0.012229999999999991
1 0.3375 0.3339605 0.007500000000000007 0.011288999999999993
1 0.34187500000000004 0.5686735 0.013749999999999984 0.019755000000000078
1 0.34375 0.8800564999999999 0.012499999999999956 0.03480700000000003
1 0.3425 0.3170275 0.004999999999999949 0.011288999999999993
1 0.34375 0.523989 0.007499999999999951 0.022577999999999987
1 0.34375 0.5442145 0.007499999999999951 0.014110999999999985
1 0.34562499999999996 0.290687 0.00874999999999998 0.01316999999999996
1 0.349375 0.4788335 0.008750000000000036 0.013170999999999988
1 0.349375 0.497178 0.008750000000000036 0.015992000000000006
1 0.3528125 0.2596425 0.013124999999999998 0.009406999999999999
1 0.3528125 0.799153 0.013124999999999998 0.023517999999999928
1 0.351875 0.27281299999999997 0.008750000000000036 0.007525999999999977
1 0.3553125 0.44684850000000004 0.010624999999999996 0.01505099999999998
1 0.3559375 0.23894649999999995 0.011875000000000024 0.016933000000000004
1 0.3571875 0.762465 0.014375000000000027 0.031043999999999957
1 0.3565625 0.22201300000000002 0.008124999999999993 0.007526000000000004
1 0.3578125 0.409219 0.008124999999999993 0.020696000000000048
1 0.3578125 0.42850450000000007 0.008124999999999993 0.014110999999999985
1 0.3609375 0.21166500000000002 0.014374999999999971 0.013169999999999989
1 0.36343749999999997 0.680621 0.014374999999999971 0.029162000000000018
1 0.3625 0.19238000000000002 0.006249999999999978 0.010347999999999996
1 0.363125 0.38899350000000005 0.0050000000000000044 0.01222899999999999
1 0.365 0.17968049999999997 0.008750000000000036 0.011288999999999993
1 0.36624999999999996 0.3725305 0.006250000000000033 0.016932999999999976
1 0.3675 0.3593605 0.008750000000000036 0.01693300000000003
1 0.368125 0.1702725 0.010000000000000009 0.011288999999999993
1 0.37 0.3264345 0.008750000000000036 0.01693300000000003
1 0.37 0.343838 0.008750000000000036 0.017874
1 0.3746875 0.556444 0.014375000000000027 0.019755999999999996
1 0.3725 0.309972 0.006249999999999978 0.012230000000000019
1 0.3796875 0.5103480000000001 0.014375000000000027 0.02728200000000003
1 0.37625 0.292568 0.006250000000000033 0.015052000000000008
1 0.378125 0.283161 0.010000000000000009 0.015051999999999954
1 0.379375 0.267639 0.007500000000000007 0.012230000000000019
1 0.3809375 0.253998 0.010624999999999996 0.0075260000000000335
1 0.3878125 0.9666039999999999 0.021874999999999978 0.036688000000000054
1 0.3828125 0.23988700000000004 0.0068749999999999645 0.013169999999999989
1 0.38468749999999996 0.23095 0.008124999999999993 0.012229999999999991
1 0.385 0.46660399999999996 0.008750000000000036 0.015052000000000008
1 0.388125 0.44449649999999996 0.012499999999999956 0.021637000000000017
1 0.3859375 0.2163685 0.005624999999999991 0.009406999999999999
1 0.3928125 0.8781749999999999 0.01937500000000003 0.025399999999999978
1 0.38875000000000004 0.204139 0.007500000000000007 0.015051999999999982
1 0.3925 0.920508 0.015000000000000013 0.03292600000000001
1 0.390625 0.16086550000000002 0.008750000000000036 0.015051000000000009
1 0.38812500000000005 0.13452499999999998 0.0025000000000000022 0.007526000000000004
1 0.39125 0.39651899999999995 0.00874999999999998 0.017874
1 0.391875 0.1825025 0.00874999999999998 0.011289000000000021
1 0.3925 0.14111 0.006249999999999978 0.00564400000000001
1 0.39437500000000003 0.36030100000000004 0.009999999999999953 0.01128800000000002
1 0.3975 0.835842 0.015000000000000013 0.036688000000000054
1 0.39437500000000003 0.1712135 0.006250000000000033 0.007525000000000004
1 0.4 0.7953904999999999 0.012500000000000011 0.02916300000000005
1 0.401875 0.7596425000000001 0.011249999999999982 0.027281000000000003
1 0.400625 0.328316 0.007500000000000007 0.013170000000000015
1 0.4015625 0.29445 0.009375000000000022 0.015052000000000008
1 0.403125 0.7130759999999999 0.011249999999999982 0.030104000000000016
1 0.4059375 0.684384 0.016874999999999973 0.03292600000000001
1 0.40531249999999996 0.265287 0.00687500000000002 0.0075260000000000335
1 0.4096875 0.6476955 0.014374999999999971 0.021637000000000017
1 0.4078125 0.23706500000000003 0.00687500000000002 0.007525999999999977
1 0.4096875 0.6222955 0.009374999999999967 0.021636999999999906
1 0.4134375 0.58984 0.011875000000000024 0.020696000000000048
1 0.4146875 0.5644399999999999 0.014375000000000027 0.022578000000000098
1 0.41312499999999996 0.21542799999999995 0.00874999999999998 0.011287999999999992
1 0.4153125 0.5376295 0.013124999999999998 0.027281000000000003
1 0.414375 0.19002800000000003 0.008750000000000036 0.005643999999999982
1 0.41500000000000004 0.1655695 0.007500000000000007 0.011288999999999993
1 0.4215625 0.9675445 0.01937500000000003 0.02916300000000005
1 0.416875 0.5084665 0.007500000000000007 0.023518999999999957
1 0.419375 0.14440250000000002 0.011249999999999982 0.004702999999999985
1 0.42125 0.44590799999999997 0.011249999999999982 0.022578000000000042
1 0.42125 0.468956 0.011249999999999982 0.025399999999999978
1 0.421875 0.489652 0.012499999999999956 0.02728199999999997
1 0.4253125 0.919567 0.01687500000000003 0.03292600000000001
1 0.42562500000000003 0.41627449999999994 0.009999999999999953 0.021637000000000017
1 0.42625 0.398871 0.011249999999999982 0.020695999999999992
1 0.428125 0.8781749999999999 0.013749999999999984 0.031043999999999957
1 0.429375 0.8339605000000001 0.016249999999999987 0.03480700000000003
1 0.4275 0.38146800000000003 0.011249999999999982 0.017874
1 0.428125 0.3612415 0.012500000000000011 0.018815000000000026
1 0.42874999999999996 0.340075 0.011250000000000038 0.015992000000000006
1 0.43062500000000004 0.7944495 0.013749999999999984 0.029162999999999942
1 0.433125 0.7634055 0.016249999999999987 0.02539900000000006
1 0.43062500000000004 0.322672 0.007500000000000007 0.013170000000000015
1 0.4328125 0.28127949999999996 0.011874999999999969 0.01505099999999998
1 0.4328125 0.2996235 0.011874999999999969 0.021637000000000017
1 0.43656249999999996 0.6796805 0.018125000000000002 0.027281000000000003
1 0.43656249999999996 0.714958 0.018125000000000002 0.020696000000000048
1 0.43281250000000004 0.3109125 0.00687500000000002 0.021636999999999962
1 0.4346875 0.267639 0.010624999999999996 0.012230000000000019
1 0.4371875 0.6458134999999999 0.015625 0.021637000000000017
1 0.43718749999999995 0.6166510000000001 0.013124999999999998 0.0216360000000001
1 0.4371875 0.204139 0.010624999999999996 0.015051999999999982
1 0.4359375 0.251176 0.005624999999999991 0.016934000000000005
1 0.43718749999999995 0.23894650000000003 0.008124999999999993 0.011288999999999993
1 0.4378125 0.2243655 0.009375000000000022 0.014110999999999985
1 0.4390625 0.5616180000000001 0.011875000000000024 0.018813999999999997
1 0.4396875 0.18955799999999998 0.013124999999999998 0.010347999999999996
1 0.4396875 0.58984 0.013124999999999998 0.020696000000000048
1 0.4396875 0.5362185 0.010624999999999996 0.016932999999999976
1 0.4403125 0.173095 0.011874999999999969 0.015052000000000008
1 0.44 0.21354650000000003 0.007499999999999951 0.011288999999999993
1 0.44125000000000003 0.514111 0.009999999999999953 0.019755999999999996
1 0.4425 0.4651930000000001 0.012499999999999956 0.019755999999999996
1 0.44125000000000003 0.1556915 0.007500000000000007 0.01222900000000002
1 0.443125 0.44214499999999995 0.011249999999999982 0.015052000000000008
1 0.44375 0.14393199999999998 0.010000000000000009 0.007526000000000004
1 0.44375 0.488241 0.010000000000000009 0.015052000000000008
1 0.445625 0.41721549999999996 0.011249999999999982 0.01599299999999998
1 0.4475 0.3969895 0.010000000000000009 0.016932999999999976
1 0.448125 0.357949 0.011249999999999982 0.015992000000000006
1 0.448125 0.37723399999999996 0.008750000000000036 0.015052000000000008
1 0.44875 0.343368 0.007500000000000007 0.013170000000000015
1 0.450625 0.3259645 0.008750000000000036 0.014110999999999985
1 0.45125 0.3095015 0.010000000000000009 0.01505099999999998
1 0.451875 0.2798685 0.011250000000000038 0.014110999999999985
1 0.45125000000000004 0.29256850000000006 0.007500000000000007 0.011288999999999993
1 0.4525 0.26434650000000004 0.007500000000000007 0.009406999999999999
1 0.453125 0.252117 0.008750000000000036 0.007526000000000004
1 0.454375 0.22624650000000002 0.011250000000000038 0.015993000000000007
1 0.454375 0.23706500000000003 0.00874999999999998 0.009408
1 0.455 0.21166500000000002 0.010000000000000009 0.009408
1 0.455625 0.189558 0.008750000000000036 0.012230000000000019
1 0.45687500000000003 0.1674505 0.006250000000000033 0.009406999999999999
1 0.45687500000000003 0.176858 0.006250000000000033 0.009408
1 0.45687500000000003 0.2022575 0.006250000000000033 0.009406999999999999
1 0.45781249999999996 0.15569100000000002 0.008124999999999993 0.010347999999999996
1 0.4584375 0.1429915 0.0068749999999999645 0.011288999999999993
1 0.4778125 0.956256 0.019374999999999976 0.03292600000000001
1 0.4790625 0.7464725 0.016874999999999973 0.027281000000000003
1 0.4790625 0.8664160000000001 0.016874999999999973 0.030104000000000016
1 0.4796875 0.787394 0.015625 0.02634000000000003
1 0.479375 0.6688615 0.012499999999999956 0.018815000000000026
1 0.48 0.609125 0.011249999999999982 0.019755999999999996
1 0.4809375 0.5531515 0.013124999999999998 0.015050999999999926
1 0.4815625 0.501411 0.011874999999999969 0.020695999999999937
1 0.4821875 0.4350895 0.010624999999999996 0.019755000000000023
1 0.4828125 0.389934 0.011875000000000024 0.017874
1 0.4828125 0.456256 0.011875000000000024 0.015052000000000008
1 0.4834375 0.352305 0.010624999999999996 0.015992000000000006
1 0.48343749999999996 0.18109150000000002 0.008124999999999993 0.008467000000000002
1 0.48343749999999996 0.23047999999999996 0.008124999999999993 0.007526000000000004
1 0.48343749999999996 0.31514600000000004 0.008124999999999993 0.007525999999999977
1 0.4840625 0.285513 0.009375000000000022 0.010347999999999968
1 0.4846875 0.2568205 0.010624999999999996 0.009406999999999999
1 0.4840625 0.139229 0.0068749999999999645 0.007526000000000004
1 0.48531250000000004 0.158043 0.009374999999999967 0.007526000000000004
1 0.48531250000000004 0.20319849999999998 0.00687500000000002 0.013170999999999988
1 0.5121875 0.92286 0.011874999999999969 0.015052000000000067
1 0.5146875 0.9713075 0.009375000000000022 0.019754999999999967
1 0.516875 0.1467545 0.007499999999999951 0.007525000000000004
1 0.516875 0.16839099999999999 0.0050000000000000044 0.007526000000000004
1 0.518125 0.1575725 0.007499999999999951 0.014110999999999985
1 0.519375 0.2003765 0.010000000000000009 0.009406999999999999
1 0.516875 0.1095955 0.003750000000000031 0.008467000000000002
1 0.5175000000000001 0.1288805 0.003750000000000031 0.005644999999999983
1 0.51875 0.176858 0.006249999999999978 0.00564400000000001
1 0.5193749999999999 0.18626500000000001 0.007499999999999951 0.00564400000000001
1 0.52 0.210724 0.006249999999999978 0.007526000000000004
1 0.52 0.2361245 0.006249999999999978 0.011289000000000021
1 0.52 0.2502355 0.006249999999999978 0.011288999999999993
1 0.52125 0.26434599999999997 0.008750000000000036 0.01316999999999996
1 0.52125 0.2761055 0.008750000000000036 0.014110999999999985
1 0.52125 0.22671699999999997 0.006250000000000089 0.015052000000000008
1 0.5225 0.29256850000000006 0.008750000000000036 0.011288999999999993
1 0.5225 0.3057385 0.008750000000000036 0.01505099999999998
1 0.523125 0.32408299999999995 0.010000000000000009 0.017874
1 0.5237499999999999 0.336783 0.011250000000000093 0.015051999999999954
1 0.525 0.3546565 0.008750000000000036 0.009406999999999999
1 0.525625 0.37159 0.010000000000000009 0.01316999999999996
1 0.526875 0.42803399999999997 0.012499999999999956 0.01316999999999996
1 0.52625 0.3913455 0.008750000000000036 0.009406999999999999
1 0.526875 0.40827850000000004 0.010000000000000009 0.016932999999999976
1 0.52875 0.45061150000000005 0.011250000000000093 0.011288999999999993
1 0.529375 0.476482 0.010000000000000009 0.017874
1 0.53 0.49953000000000003 0.011249999999999982 0.020696000000000048
1 0.5321875 0.5239885 0.013124999999999942 0.018815000000000026
1 0.5328125 0.548448 0.014375000000000027 0.020695999999999937
1 0.5340625 0.579492 0.01187500000000008 0.020696000000000048
1 0.5346875 0.630762 0.013125000000000053 0.02163599999999999
1 0.5346875 0.598777 0.010624999999999996 0.02163599999999999
1 0.5365625 0.656162 0.011874999999999969 0.025399999999999978
1 0.5371874999999999 0.6881465 0.013124999999999942 0.021636999999999906
1 0.5378125 0.7243649999999999 0.014375000000000027 0.018813999999999997
1 0.5409375000000001 0.767639 0.018125000000000058 0.020695999999999937
1 0.5359375 0.11194699999999999 0.0068750000000000755 0.007525999999999991
1 0.5365625 0.125588 0.008125000000000049 0.017874
1 0.5371874999999999 0.15851350000000003 0.009375000000000022 0.01599299999999998
1 0.5390625 0.1674505 0.010625000000000107 0.009406999999999999
1 0.5415625 0.8033865 0.014374999999999916 0.026340999999999944
1 0.5434375 0.8428974999999999 0.015625 0.020696999999999965
1 0.5434375 0.8838195000000001 0.015625 0.027281000000000003
1 0.54 0.1467545 0.006249999999999978 0.007525000000000004
1 0.5475 0.931797 0.01750000000000007 0.03292600000000001
1 0.5475 0.9750705 0.01750000000000007 0.03104499999999999
1 0.545625 0.21354649999999997 0.010000000000000009 0.013170999999999988
1 0.5449999999999999 0.1914395 0.006249999999999978 0.015993000000000007
1 0.54625 0.198495 0.008750000000000036 0.013170000000000015
1 0.546875 0.22436499999999998 0.007500000000000062 0.012229999999999991
1 0.5487500000000001 0.2380055 0.008749999999999925 0.011288999999999993
1 0.5487500000000001 0.25117599999999995 0.008749999999999925 0.011287999999999992
1 0.55125 0.279398 0.008750000000000036 0.01316999999999996
1 0.551875 0.26199449999999996 0.010000000000000009 0.014110999999999985
1 0.5525 0.3062085 0.011249999999999982 0.014110999999999985
1 0.55375 0.29350899999999996 0.008750000000000036 0.01128800000000002
1 0.5553125 0.3264345 0.01187500000000008 0.01881499999999997
1 0.5571875 0.341957 0.010624999999999996 0.015992000000000006
1 0.5578125 0.3584195 0.011874999999999969 0.013171000000000044
1 0.5590625 0.3758235 0.011874999999999969 0.014111000000000038
1 0.5609375 0.3941675 0.013125000000000053 0.015051000000000037
1 0.5621875000000001 0.416275 0.010624999999999996 0.017874
1 0.5646875 0.4647225 0.013125000000000053 0.02069700000000002
1 0.5640624999999999 0.44026350000000003 0.009375000000000022 0.01505099999999998
1 0.5675 0.48588899999999996 0.010000000000000009 0.017874
1 0.5706249999999999 0.509878 0.01375000000000004 0.022578000000000042
1 0.5706249999999999 0.5366885 0.011250000000000093 0.023519000000000064
1 0.573125 0.5592665 0.011249999999999982 0.021636999999999906
1 0.57375 0.5860775 0.012499999999999956 0.016932999999999976
1 0.573125 0.15428050000000001 0.008750000000000036 0.009406999999999999
1 0.5762499999999999 0.613829 0.012500000000000067 0.02351800000000004
1 0.576875 0.16368749999999999 0.008750000000000036 0.009407000000000026
1 0.5796875 0.6439324999999999 0.014375000000000027 0.021637000000000017
1 0.5809375 0.6777985 0.014375000000000027 0.019754999999999967
1 0.57875 0.17450600000000002 0.007500000000000062 0.012229999999999991
1 0.580625 0.1853245 0.006249999999999978 0.005645000000000011
1 0.5834375 0.2027285 0.009375000000000022 0.014110999999999985
1 0.5834375 0.21213549999999998 0.009375000000000022 0.010348999999999997
1 0.5846875 0.711665 0.011874999999999969 0.02916199999999991
1 0.5859375 0.225776 0.01187500000000008 0.020695999999999992
1 0.5878125 0.7530575 0.015625 0.023518999999999957
1 0.5878125000000001 0.23988750000000003 0.010624999999999996 0.011288999999999993
1 0.5903125 0.789746 0.013125000000000053 0.02351800000000004
1 0.5903125 0.253528 0.010624999999999996 0.01599199999999998
1 0.5915625 0.2784575 0.013125000000000053 0.011288999999999993
1 0.5946875 0.870649 0.01937500000000003 0.02728200000000003
1 0.591875 0.26622749999999995 0.010000000000000009 0.009406999999999999
1 0.5943750000000001 0.8330194999999999 0.015000000000000013 0.02916300000000005
1 0.594375 0.29633099999999996 0.010000000000000009 0.015052000000000008
1 0.59625 0.3057385 0.01375000000000004 0.01881499999999997
1 0.596875 0.3250235 0.012500000000000067 0.019755000000000023
1 0.600625 0.9619004999999999 0.01749999999999996 0.029162999999999942
1 0.599375 0.9148634999999999 0.012499999999999956 0.0310450000000001
1 0.6 0.33678250000000004 0.011249999999999982 0.01881499999999997
1 0.6018749999999999 0.37723399999999996 0.015000000000000013 0.015052000000000008
1 0.603125 0.35700800000000005 0.010000000000000009 0.017874
1 0.6071875 0.394638 0.013125000000000053 0.015992000000000006
1 0.6090625000000001 0.4120415 0.011874999999999969 0.011288999999999993
1 0.6109375 0.43179700000000004 0.015625 0.013170000000000015
1 0.6128125 0.4581375 0.014375000000000027 0.01881499999999997
1 0.6178125 0.479304 0.014375000000000027 0.019755999999999996
1 0.6184375 0.5042335000000001 0.015625 0.022577000000000014
1 0.6225 0.5254000000000001 0.01749999999999996 0.02351800000000004
1 0.625 0.5517405 0.012499999999999956 0.021637000000000017
1 0.6287499999999999 0.574788 0.015000000000000013 0.02822199999999997
1 0.6303125 0.601599 0.018125000000000058 0.02540000000000009
1 0.6346875000000001 0.6335845 0.01937500000000003 0.027281000000000003
1 0.6334375000000001 0.17356549999999998 0.009375000000000022 0.01222900000000002
1 0.6371875 0.18532450000000003 0.009375000000000022 0.01505099999999998
1 0.6396875 0.659454 0.014375000000000027 0.020696000000000048
1 0.6415625 0.6923805 0.018125000000000058 0.03198500000000004
1 0.6459375 0.725306 0.01937500000000003 0.02822199999999997
1 0.641875 0.204139 0.007499999999999951 0.015051999999999982
1 0.644375 0.2168395 0.010000000000000009 0.014111000000000012
1 0.646875 0.24364999999999998 0.010000000000000009 0.013169999999999989
1 0.6475 0.229539 0.006249999999999978 0.015052000000000008
1 0.653125 0.7666980000000001 0.01749999999999996 0.03386599999999995
1 0.650625 0.2544685 0.010000000000000009 0.015993000000000007
1 0.6565624999999999 0.8071495000000001 0.021874999999999978 0.03386699999999998
1 0.6543749999999999 0.2662275 0.015000000000000013 0.018815000000000026
1 0.655 0.2784575 0.011249999999999982 0.01693300000000003
1 0.6596875 0.29492 0.013125000000000053 0.015992000000000006
1 0.6628125 0.8452495000000001 0.014375000000000027 0.027281000000000003
1 0.6646875 0.8838189999999999 0.018124999999999947 0.031043999999999957
1 0.6640625 0.3095015 0.014375000000000027 0.016932999999999976
1 0.6684375 0.9261525 0.023125000000000062 0.03104499999999999
1 0.6671875 0.15663249999999998 0.011874999999999969 0.014111000000000012
1 0.6671875 0.32314200000000004 0.010624999999999996 0.017874
1 0.6690625 0.3372530000000001 0.014375000000000027 0.019755999999999996
1 0.6734375 0.9788335 0.023125000000000062 0.03480700000000003
1 0.6737500000000001 0.35653799999999997 0.012500000000000067 0.015052000000000008
1 0.675625 0.37017849999999997 0.011249999999999982 0.01599299999999998
1 0.67875 0.380997 0.012500000000000067 0.01316999999999996
1 0.6840625 0.4031045 0.013125000000000053 0.01599299999999998
1 0.6865625 0.42521149999999996 0.013124999999999942 0.01881499999999997
1 0.6896875 0.44167449999999997 0.01187500000000008 0.021636999999999962
1 0.700625 0.18156150000000001 0.01375000000000004 0.013171000000000014
1 0.7024999999999999 0.47601150000000003 0.016249999999999987 0.01693300000000003
1 0.703125 0.1942615 0.011249999999999982 0.019754999999999995
1 0.706875 0.208843 0.011249999999999982 0.013170000000000015
1 0.70625 0.5032925 0.008749999999999925 0.024459000000000005
1 0.71125 0.21825050000000001 0.010000000000000009 0.009407000000000026
1 0.7121875 0.520696 0.010624999999999996 0.017874000000000057
1 0.7153125 0.5437439999999999 0.014375000000000027 0.020696000000000048
1 0.7159374999999999 0.24035749999999997 0.010624999999999996 0.027281000000000003
1 0.721875 0.571496 0.01375000000000004 0.023517999999999928
1 0.723125 0.25776099999999996 0.011249999999999982 0.007525999999999977
1 0.72625 0.599718 0.010000000000000009 0.017873999999999945
1 0.7275 0.2789275 0.012500000000000067 0.015993000000000035
1 0.73125 0.2864535 0.015000000000000013 0.01222899999999999
1 0.731875 0.620884 0.011250000000000093 0.020696000000000048
1 0.7384375000000001 0.6495765 0.01937500000000003 0.021636999999999906
1 0.7359374999999999 0.30385700000000004 0.011874999999999969 0.01128800000000002
1 0.7409375 0.322201 0.014375000000000027 0.017874
1 0.7434375 0.33302 0.011874999999999969 0.015052000000000008
1 0.7446875 0.680621 0.014374999999999916 0.025399999999999978
1 0.7493749999999999 0.70555 0.015000000000000013 0.020696000000000048
1 0.748125 0.35183400000000004 0.010000000000000009 0.007525999999999977
1 0.755625 0.37159 0.012499999999999956 0.015052000000000008
1 0.756875 0.742239 0.015000000000000013 0.02445999999999993
1 0.7603125 0.392286 0.011874999999999969 0.015052000000000008
1 0.7640625 0.7826905 0.016874999999999973 0.024459000000000005
1 0.7646875 0.40780799999999995 0.010624999999999996 0.015992000000000006
1 0.7721875 0.82032 0.015625 0.022578000000000098
1 0.7731250000000001 0.4332079999999999 0.01375000000000004 0.015992000000000006
1 0.77875 0.45343399999999995 0.01749999999999996 0.020696000000000048
1 0.77875 0.8551270000000001 0.01749999999999996 0.02634000000000003
1 0.78375 0.4788335 0.012500000000000067 0.01505099999999998
1 0.7871875 0.8993415 0.016874999999999973 0.026340999999999944
1 0.7831250000000001 0.3494825 0.006249999999999978 0.01222899999999999
1 0.7915625 0.498589 0.015625 0.015051999999999954
1 0.7959375 0.9412045 0.014375000000000027 0.02916300000000005
1 0.7971874999999999 0.5235185 0.016875000000000084 0.019754999999999967
1 0.7978125 0.3988715 0.014375000000000027 0.011288999999999993
1 0.8025 0.4120415 0.012499999999999956 0.011288999999999993
1 0.799375 0.344779 0.0050000000000000044 0.010348000000000024
1 0.8062499999999999 0.5493885000000001 0.016249999999999987 0.016932999999999976
1 0.808125 0.42850400000000005 0.013749999999999929 0.017874
1 0.8106249999999999 0.44684850000000004 0.016249999999999987 0.01881499999999997
1 0.8146875 0.574318 0.013125000000000053 0.02163599999999999
1 0.8196875 0.46143 0.016874999999999973 0.029162000000000018
1 0.8203125 0.6034805 0.014375000000000027 0.021637000000000017
1 0.8184374999999999 0.399812 0.009375000000000022 0.0075260000000000335
1 0.8228125 0.41204150000000006 0.010624999999999996 0.016932999999999976
1 0.8246875 0.476011 0.011874999999999969 0.022577999999999987
1 0.829375 0.6335839999999999 0.01375000000000004 0.02351800000000004
1 0.828125 0.42756350000000004 0.010000000000000009 0.01599299999999998
1 0.83125 0.495296 0.011249999999999982 0.031044000000000016
1 0.833125 0.44496700000000006 0.010000000000000009 0.011287999999999965
1 0.835 0.5084665 0.01375000000000004 0.019755000000000023
1 0.8365625 0.6641579999999999 0.015625 0.018813999999999997
1 0.8362499999999999 0.4557855 0.011250000000000093 0.014110999999999985
1 0.8409375 0.541392 0.018124999999999947 0.023517999999999928
1 0.8403125 0.47224850000000007 0.014375000000000027 0.011288999999999993
1 0.8459375 0.49012249999999996 0.015625 0.009406999999999999
1 0.8453125 0.6970835 0.013125000000000053 0.018815000000000026
1 0.8465625 0.5522105 0.014375000000000027 0.016932999999999976
1 0.855625 0.7375349999999999 0.020000000000000018 0.022578000000000098
1 0.8531249999999999 0.571496 0.01375000000000004 0.02540000000000009
1 0.85375 0.5079965 0.007500000000000062 0.009407000000000054
1 0.858125 0.5926624999999999 0.016249999999999987 0.024459000000000005
1 0.8640625 0.6147695 0.018125000000000058 0.03104499999999999
1 0.8659375 0.7742240000000001 0.020625000000000004 0.02634000000000003
1 0.8625 0.5319849999999999 0.012500000000000067 0.02351800000000004
1 0.8678125 0.5493885000000001 0.013125000000000053 0.018814999999999915
1 0.8715625 0.6302915 0.018124999999999947 0.02257700000000007
1 0.8740625 0.571496 0.010624999999999996 0.017873999999999945
1 0.8775 0.817498 0.01749999999999996 0.028222000000000077
1 0.8790625000000001 0.6580435 0.018125000000000058 0.040451000000000015
1 0.88125 0.5917215 0.011249999999999982 0.011288999999999993
1 0.88375 0.678269 0.016249999999999987 0.022577999999999987
1 0.8865624999999999 0.852305 0.020625000000000004 0.02822199999999997
1 0.885625 0.6072435 0.012499999999999956 0.019755000000000078
1 0.8953125 0.7031985 0.016875000000000084 0.03292499999999998
1 0.8990625 0.8918155 0.023125000000000062 0.026340999999999944
1 0.8934375000000001 0.629351 0.010624999999999996 0.020696000000000048
1 0.8984375 0.7248355 0.020624999999999893 0.03292499999999998
1 0.9046875 0.746002 0.023125000000000062 0.013170000000000015
1 0.9021874999999999 0.6533394999999999 0.013124999999999942 0.019754999999999967
1 0.9040625 0.7836315 0.016874999999999973 0.024459000000000005
1 0.9099999999999999 0.6745059999999999 0.007499999999999951 0.018813999999999997
1 0.915 0.8179680000000001 0.012500000000000067 0.03292600000000001
1 0.9171875 0.7017875 0.011874999999999969 0.015050999999999926
1 0.9215625000000001 0.8424270000000001 0.018125000000000058 0.02728200000000003
1 0.9234374999999999 0.982126 0.020625000000000004 0.03386600000000006
1 0.9253125 0.726717 0.013125000000000053 0.02351800000000004
1 0.93125 0.8762935000000001 0.011249999999999982 0.029162999999999942
1 0.9396875 0.9068674999999999 0.018124999999999947 0.024459000000000005
1 0.9484375 0.9336785000000001 0.015625 0.029162999999999942
1 0.95625 0.7690499999999999 0.010000000000000009 0.025399999999999978
1 0.96 0.973189 0.015000000000000013 0.031043999999999957
1 0.96625 0.799153 0.012500000000000067 0.023517999999999928
1 0.9765625 0.8278460000000001 0.013125000000000053 0.022577999999999987
1 0.984375 0.8565379999999999 0.012499999999999956 0.02351800000000004
