1 0.17916700000000002 0.701111 0.04500000000000001 0.07777800000000001
1 0.18916650000000002 0.5088885 0.02166700000000002 0.11111099999999996
1 0.195 0.3044445 0.033334 0.115555
1 0.2016665 0.117778 0.033333 0.11555599999999999
1 0.2475 0.7166665000000001 0.025000000000000022 0.10444500000000001
1 0.2525 0.514444 0.025000000000000022 0.09999999999999992
1 0.255833 0.331111 0.024999999999999994 0.10666599999999998
1 0.258333 0.161111 0.03 0.104444
1 0.305 0.7177775000000001 0.023333999999999966 0.093333
1 0.30666649999999995 0.534444 0.023332999999999993 0.09999999999999998
1 0.3141665 0.188889 0.021666999999999992 0.09333399999999999
1 0.3575 0.5399999999999999 0.025000000000000022 0.07999999999999996
1 0.36 0.217778 0.02333400000000002 0.09777799999999998
1 0.36 0.7111109999999999 0.02333400000000002 0.07555600000000007
1 0.4183335 0.39999999999999997 0.023332999999999993 0.09333399999999997
1 0.42083349999999997 0.255556 0.021667000000000047 0.07999999999999999
1 0.421667 0.5611115 0.020000000000000018 0.09111099999999994
1 0.4258335 0.7322224999999999 0.028332999999999997 0.08666700000000005
1 0.46499999999999997 0.408889 0.016666000000000014 0.066666
1 0.46499999999999997 0.2655555 0.009999999999999953 0.05555500000000002
1 0.4666665 0.5633335 0.013332999999999984 0.05555500000000002
1 0.473333 0.731111 0.020000000000000018 0.07999999999999996
1 0.5 0.28333299999999995 0.023333999999999966 0.06
1 0.5025 0.572222 0.01833399999999996 0.06444399999999995
1 0.5075000000000001 0.7199999999999999 0.02166600000000002 0.062222
1 0.535 0.318889 0.020000000000000018 0.07333400000000001
1 0.5383335 0.4477775 0.016666999999999987 0.06888899999999998
1 0.54 0.588889 0.020000000000000018 0.066666
1 0.5675 0.45888899999999994 0.014999999999999902 0.064444
1 0.5683335 0.33222250000000003 0.016666999999999987 0.06888900000000003
1 0.5733334999999999 0.5966670000000001 0.013332999999999928 0.07777800000000001
1 0.5758335 0.737778 0.011667000000000094 0.08444400000000007
1 0.61 0.357778 0.01666600000000007 0.07555600000000001
1 0.6141665000000001 0.6033335 0.021666999999999992 0.06888899999999998
1 0.6141665000000001 0.47666649999999994 0.011666999999999983 0.06888899999999998
1 0.6216665 0.7311109999999998 0.01333300000000004 0.062222
1 0.630833 0.3655555 0.015000000000000013 0.07777700000000004
1 0.6341665000000001 0.6088885 0.008333000000000035 0.04888900000000007
1 0.6358334999999999 0.48111149999999997 0.011666999999999983 0.05111099999999996
1 0.6616664999999999 0.61 0.013332999999999928 0.046665999999999985
1 0.681667 0.398889 0.010000000000000009 0.064444
1 0.6841664999999999 0.5055554999999999 0.011666999999999983 0.055554999999999966
1 0.6866665000000001 0.6144445 0.013332999999999928 0.05111100000000002
1 0.706667 0.41222200000000003 0.010000000000000009 0.06
1 0.7083335 0.5244445000000001 0.013332999999999928 0.06222300000000003
1 0.7125 0.623333 0.011665999999999954 0.03777799999999998
1 0.7333335 0.5222220000000001 0.01333300000000004 0.04444400000000004
1 0.735 0.428889 0.013333999999999957 0.05333399999999999
1 0.7391665000000001 0.6266665 0.018333000000000044 0.04444500000000007
1 0.7616665 0.437778 0.016666999999999987 0.04444400000000004
1 0.7758335000000001 0.7255555 0.018333000000000044 0.046667000000000014
1 0.7741665 0.6333335 0.008333000000000035 0.04444500000000007
1 0.786667 0.45666650000000003 0.010000000000000009 0.04666699999999996
1 0.79 0.537778 0.00666599999999995 0.03555600000000003
1 0.795 0.6344445000000001 0.010000000000000009 0.04222300000000001
1 0.8025 0.47 0.008334000000000064 0.05111199999999999
1 0.8041665 0.553333 0.008332999999999924 0.040000000000000036
1 0.81 0.64 0.009999999999999898 0.04888800000000004
1 0.818333 0.7300000000000001 0.010000000000000009 0.046665999999999985
1 0.8225 0.56 0.018334000000000072 0.031111999999999917
1 0.8233334999999999 0.473333 0.0166670000000001 0.040000000000000036
1 0.8308335 0.642222 0.008332999999999924 0.04444400000000004
1 0.8533335 0.4944445 0.016666999999999987 0.04222300000000001
1 0.86 0.5677774999999999 0.013333999999999957 0.033332999999999946
