1 0.3271875 0.646667 0.06312499999999999 0.17500000000000004
1 0.420625 0.4725000000000001 0.012500000000000011 0.048334000000000044
1 0.4446875 0.542083 0.014375000000000027 0.04249999999999998
1 0.4465625 0.4466665 0.013124999999999998 0.048333000000000015
1 0.4753125 0.4208335 0.01687500000000003 0.05166699999999996
1 0.4759375 0.6170835 0.018125000000000002 0.03416700000000006
1 0.4771875 0.5233335 0.018125000000000002 0.043333000000000066
1 0.5003124999999999 0.4033335 0.01937500000000003 0.05166700000000002
1 0.5003124999999999 0.5066670000000001 0.01937500000000003 0.04500000000000004
1 0.5040625000000001 0.6116670000000001 0.01937500000000003 0.04500000000000004
1 0.5346875 0.3741665 0.01937500000000003 0.058333000000000024
1 0.5396875000000001 0.48083349999999997 0.020625000000000004 0.058333000000000024
1 0.5409375000000001 0.5974999999999999 0.02312499999999995 0.046665999999999985
1 0.5803125 0.34 0.024375000000000036 0.058334
1 0.5815625 0.45500000000000007 0.021874999999999978 0.058334
1 0.5878125 0.5766665 0.026874999999999982 0.046667000000000014
1 0.6278125 0.42250000000000004 0.026874999999999982 0.061666
1 0.63 0.29875 0.03125 0.07250000000000001
1 0.6368750000000001 0.551667 0.025000000000000022 0.05499999999999994
1 0.6956249999999999 0.2504165 0.036250000000000004 0.07583300000000001
1 0.7021875 0.3820835 0.028125000000000067 0.06083299999999997
1 0.7106250000000001 0.5158335 0.029999999999999916 0.05166700000000002
1 0.9075 0.33583350000000006 0.10375000000000001 0.311667
