1 0.027812499999999997 0.8091665 0.015624999999999997 0.011666999999999983
1 0.0296875 0.8700000000000001 0.015625 0.0483340000000001
1 0.049687499999999996 0.8683335 0.021875 0.05833299999999997
1 0.0465625 0.869167 0.009374999999999994 0.050000000000000044
1 0.056874999999999995 0.80125 0.011250000000000003 0.014166000000000012
1 0.076875 0.7920829999999999 0.01125000000000001 0.012499999999999956
1 0.155625 0.6654165 0.03 0.03416699999999995
1 0.20750000000000002 0.794167 0.04500000000000001 0.09999999999999998
1 0.2709375 0.81625 0.021874999999999978 0.07750000000000001
1 0.6053124999999999 0.89875 0.06062500000000004 0.17083400000000004
1 0.7290625 0.8916665 0.06062500000000004 0.19166700000000003
1 0.8743749999999999 0.8650000000000001 0.07750000000000001 0.21999999999999997
