1 0.025 0.33536000000000005 0.04625 0.06889600000000001
1 0.0925 0.35309050000000003 0.05499999999999999 0.05775100000000006
1 0.100625 0.08004050000000001 0.06875 0.06889500000000001
1 0.098125 0.21529899999999996 0.056249999999999994 0.06383
1 0.15187499999999998 0.364742 0.05875 0.06079000000000001
1 0.15625 0.22897649999999997 0.05249999999999999 0.07497499999999999
1 0.1628125 0.104863 0.05562499999999998 0.06788200000000001
1 0.206875 0.36575450000000004 0.04125000000000001 0.06686900000000001
1 0.2134375 0.113475 0.048125 0.068896
1 0.218125 0.23809500000000003 0.047500000000000014 0.07294800000000001
1 0.26187499999999997 0.13373849999999998 0.048750000000000016 0.077001
1 0.2646875 0.381459 0.048125 0.055724
1 0.26656250000000004 0.2558255 0.044375 0.06180299999999999
1 0.34125 0.5334345 0.015000000000000013 0.055725000000000025
1 0.3609375 0.3161095 0.019374999999999976 0.07497500000000001
1 0.3615625 0.4078015 0.018125000000000002 0.06382899999999997
1 0.3615625 0.505066 0.018125000000000002 0.05572399999999995
1 0.3834375 0.493921 0.023125000000000007 0.06180400000000002
1 0.3871875 0.395137 0.018125000000000002 0.06889600000000001
1 0.3871875 0.2968595 0.013124999999999998 0.07700099999999999
1 0.41218750000000004 0.277609 0.019374999999999976 0.08510600000000001
1 0.4128125 0.38095249999999997 0.02062499999999995 0.07700100000000004
1 0.4146875 0.4772040000000001 0.021874999999999978 0.07092200000000004
1 0.4409375 0.243161 0.02562500000000001 0.07902800000000001
1 0.445625 0.4660585 0.01375000000000004 0.07700099999999999
1 0.448125 0.35258399999999995 0.01375000000000004 0.08307999999999999
1 0.4909375 0.201621 0.03812500000000002 0.07294800000000001
1 0.495625 0.43870349999999997 0.03750000000000003 0.06484300000000004
1 0.5728125 0.220871 0.028125000000000067 0.07294799999999999
1 0.5762499999999999 0.3394125 0.03500000000000003 0.07497500000000001
1 0.6253125 0.24417450000000002 0.02562500000000001 0.07497500000000001
1 0.6309374999999999 0.35562299999999997 0.030625000000000013 0.06687000000000004
1 0.6384375 0.464539 0.028124999999999956 0.067882
1 0.6746875 0.26139799999999996 0.026874999999999982 0.06281600000000001
1 0.67875 0.3647415 0.03500000000000003 0.06484299999999998
1 0.6859375 0.47011100000000006 0.028124999999999956 0.07092200000000004
1 0.7259375 0.27456949999999997 0.024375000000000036 0.05673699999999998
1 0.73 0.3774065 0.018750000000000044 0.06788299999999997
1 0.7390625 0.47619000000000006 0.026874999999999982 0.07092199999999999
1 0.7953125000000001 0.5947315000000001 0.01937500000000003 0.06686899999999996
1 0.8300000000000001 0.596758 0.016249999999999987 0.06686999999999999
1 0.8640625 0.5957450000000001 0.018125000000000058 0.06889599999999996
1 0.8953125 0.6008105 0.01937500000000003 0.06686899999999996
