1 0.2371875 0.9437500000000001 0.02562500000000001 0.03749999999999998
1 0.2903125 0.719583 0.010625000000000051 0.02749999999999997
1 0.29593749999999996 0.6662499999999999 0.011875000000000024 0.02416599999999991
1 0.3146875 0.7220835 0.010624999999999996 0.029166999999999943
1 0.321875 0.6687500000000001 0.011250000000000038 0.025834000000000024
1 0.35625 0.7287500000000001 0.010000000000000009 0.02750000000000008
1 0.6165625 0.7420829999999999 0.016874999999999973 0.02749999999999997
1 0.7565625 0.7491665 0.013125000000000053 0.03833300000000006
1 0.8096875 0.7558335 0.013125000000000053 0.03833300000000006
1 0.8665625 0.75875 0.015625 0.03249999999999997
1 0.9259375000000001 0.7620835 0.018125000000000058 0.03916699999999995
