1 0.423125 0.7475 0.07124999999999998 0.10999999999999999
1 0.423125 0.34166650000000004 0.08749999999999997 0.086667
1 0.424375 0.6070835 0.08750000000000002 0.08583300000000005
1 0.42562500000000003 0.47166700000000006 0.08500000000000002 0.09500000000000003
1 0.59375 0.48374999999999996 0.1499999999999999 0.08083400000000007
1 0.5903125 0.357917 0.140625 0.0675
1 0.59625 0.617083 0.14249999999999996 0.07250000000000001
1 0.596875 0.7487499999999999 0.14374999999999993 0.07416599999999995
1 0.7506250000000001 0.3620835 0.07874999999999999 0.07916699999999999
1 0.7537499999999999 0.61875 0.07999999999999996 0.08583399999999997
1 0.751875 0.4854164999999999 0.07374999999999998 0.094167
1 0.7628125 0.742083 0.07437500000000008 0.08750000000000002
