1 0.22125 0.453291 0.03999999999999998 0.17197400000000002
1 0.22843750000000002 0.18789799999999998 0.040624999999999994 0.167728
1 0.3359375 0.46603000000000006 0.03312499999999996 0.16348200000000002
1 0.3390625 0.2595545 0.03187499999999999 0.170913
1 0.4284375 0.205414 0.02062499999999995 0.132696
1 0.4734375 0.4347134999999999 0.01937500000000003 0.14118899999999995
1 0.4859375 0.244692 0.02812500000000001 0.11995800000000004
1 0.49968749999999995 0.43259050000000004 0.013124999999999998 0.13694299999999998
1 0.5221875 0.4421445 0.016874999999999973 0.13481899999999997
1 0.5671875 0.27707 0.01937500000000003 0.07643399999999997
1 0.6153124999999999 0.29087050000000003 0.020625000000000004 0.07006300000000004
