1 0.05887 0.7025 0.023548 0.05125000000000002
1 0.081633 0.6125 0.047096 0.061249999999999916
1 0.078493 0.8028124999999999 0.02825799999999999 0.05937500000000007
1 0.090267 0.7025 0.021977999999999998 0.05125000000000002
1 0.1126375 0.38687499999999997 0.06671899999999999 0.027500000000000024
1 0.128728 0.448125 0.021978000000000008 0.04125000000000001
1 0.205259 0.529375 0.04944999999999999 0.05249999999999999
1 0.2182105 0.4584375 0.04081699999999999 0.04812499999999997
1 0.22135 0.3884375 0.047096 0.04812499999999997
1 0.2919935 0.3903125 0.034536999999999984 0.04812499999999997
1 0.547096 0.5293749999999999 0.04081599999999996 0.05625000000000002
1 0.552198 0.30125 0.032182000000000044 0.065
1 0.5588694999999999 0.37375 0.036107 0.05624999999999997
1 0.614207 0.538125 0.049450000000000105 0.05625000000000002
1 0.6200945 0.28500000000000003 0.05180499999999999 0.07375000000000001
1 0.6236265 0.459375 0.04788099999999995 0.05499999999999999
1 0.626374 0.3678125 0.047096000000000034 0.05812499999999998
1 0.678179 0.6840625 0.04552599999999996 0.05812499999999998
1 0.6868130000000001 0.52625 0.04552599999999996 0.06
1 0.6942699999999999 0.4509375 0.0431720000000001 0.05812499999999998
1 0.702904 0.3715625 0.051019999999999954 0.05312500000000003
1 0.7146785000000001 0.2859375 0.04317100000000007 0.07187500000000002
1 0.7158555000000001 0.7853125000000001 0.025117000000000056 0.03937500000000005
1 0.7523549999999999 0.55 0.030612000000000084 0.05999999999999994
1 0.7523545 0.7906249999999999 0.021193000000000017 0.036250000000000004
1 0.760989 0.4721875 0.038461999999999996 0.05812499999999998
1 0.7708005 0.3859375 0.0408170000000001 0.06187500000000001
1 0.7723705 0.6590625 0.023546999999999985 0.05312500000000009
1 0.7845369999999999 0.30281250000000004 0.033752000000000004 0.07687499999999997
1 0.777865 0.7931250000000001 0.01726799999999995 0.03375000000000006
1 0.7853220000000001 0.5959375 0.014913999999999983 0.05312500000000009
1 0.7853220000000001 0.7224999999999999 0.014913999999999983 0.04625000000000001
1 0.7857145000000001 0.525625 0.010989000000000027 0.04625000000000001
1 0.793171 0.798125 0.00863399999999992 0.03749999999999998
1 0.7951335 0.4009375 0.012558999999999987 0.05312499999999998
1 0.7951335 0.6584375 0.012558999999999987 0.04437500000000005
1 0.7986655000000001 0.5934375000000001 0.014912999999999954 0.04437499999999994
1 0.797096 0.46843749999999995 0.00863400000000003 0.044375
1 0.8006275 0.53 0.010989000000000027 0.04749999999999999
1 0.8037675 0.7590625 0.01726899999999998 0.024375000000000036
1 0.8088700000000001 0.3215625 0.014913999999999983 0.06812500000000005
