1 0.3821875 0.369137 0.010624999999999996 0.030955999999999984
1 0.3846875 0.49530949999999996 0.010624999999999996 0.013133000000000006
1 0.3853125 0.4423075 0.0068749999999999645 0.04971900000000001
1 0.40125 0.4404315 0.007500000000000007 0.060974999999999994
1 0.40249999999999997 0.49437149999999996 0.007500000000000007 0.011257000000000017
1 0.403125 0.368199 0.006249999999999978 0.025328000000000014
1 0.41874999999999996 0.37101300000000004 0.00874999999999998 0.023451999999999973
1 0.421875 0.49530949999999996 0.010000000000000009 0.013133000000000006
1 0.4225 0.445122 0.011249999999999982 0.05159399999999997
1 0.500625 0.520169 0.01874999999999999 0.025328000000000014
1 0.50125 0.3968105 0.017500000000000016 0.009380999999999973
1 0.5034375 0.43761700000000003 0.01937500000000003 0.02532799999999996
1 0.5025 0.477955 0.015000000000000013 0.040337999999999985
