1 0.069531 0.444792 0.035938 0.09375
1 0.0890625 0.31145849999999997 0.046875 0.08541700000000002
1 0.1015625 0.5645835 0.02812500000000001 0.09583300000000006
1 0.114844 0.4458335 0.029687999999999992 0.08333299999999999
1 0.1414065 0.3020835 0.03281300000000001 0.07083300000000003
1 0.15468749999999998 0.4437499999999999 0.040624999999999994 0.09583400000000003
1 0.153906 0.5645835 0.03281199999999998 0.09583300000000006
1 0.2375 0.433333 0.03749999999999998 0.0625
1 0.2640625 0.29375 0.040624999999999994 0.07500000000000001
1 0.28593749999999996 0.4322915 0.03437499999999999 0.07291700000000001
1 0.2875 0.5593750000000001 0.028123999999999982 0.10208399999999995
1 0.3171875 0.294792 0.04062500000000002 0.08125000000000004
1 0.33671850000000003 0.55625 0.039063000000000014 0.07499999999999996
1 0.33671850000000003 0.4291665 0.029686999999999963 0.06666700000000003
1 0.4195315 0.4270835 0.035937 0.07916699999999999
1 0.441406 0.29166700000000007 0.042188 0.08750000000000002
1 0.4671875 0.4270835 0.02812500000000001 0.07083300000000003
1 0.5031255 0.2895835 0.046875 0.09166700000000001
1 0.5257815 0.4229165 0.02968700000000002 0.07916700000000004
1 0.602344 0.42500000000000004 0.03281200000000006 0.07916600000000001
1 0.6265625 0.28333349999999996 0.028124999999999956 0.095833
1 0.6648434999999999 0.42291700000000004 0.04531300000000005 0.07500000000000001
1 0.6640625 0.5541665 0.028124999999999956 0.10416700000000001
1 0.6882809999999999 0.28333349999999996 0.03906200000000004 0.095833
1 0.721094 0.4260415 0.04531200000000002 0.07708300000000001
1 0.7203125 0.553125 0.034375000000000044 0.09375
1 0.8289059999999999 0.28125 0.05468799999999996 0.08750000000000002
1 0.864062 0.4177085 0.03125 0.07291700000000001
1 0.871094 0.5541670000000001 0.029688000000000048 0.08750000000000002
1 0.8968750000000001 0.2770835 0.05625000000000002 0.095833
1 0.919531 0.414583 0.03906199999999993 0.07500000000000001
1 0.9273435000000001 0.553125 0.035937 0.097916
