1 0.0115625 0.0806755 0.015625 0.056284999999999995
1 0.0121875 0.1557225 0.011874999999999998 0.052533000000000024
1 0.0128125 0.7345214999999999 0.010624999999999999 0.060037000000000014
1 0.0146875 0.644465 0.014374999999999999 0.06379000000000001
1 0.017812500000000002 0.5595685 0.013125000000000001 0.06285099999999999
1 0.0196875 0.47889299999999996 0.014374999999999999 0.06097599999999997
1 0.021875 0.39211999999999997 0.0125 0.05816199999999999
1 0.021875 0.3105065000000001 0.009999999999999998 0.05816100000000002
1 0.025 0.23170749999999996 0.013750000000000002 0.054408999999999985
1 0.026875000000000003 0.1529085 0.015000000000000003 0.054408999999999985
1 0.028124999999999997 0.076923 0.014999999999999996 0.052532
1 0.06343750000000001 0.6449345000000001 0.011875000000000004 0.05347099999999994
1 0.06343750000000001 0.7326455000000001 0.009375000000000008 0.056285000000000036
1 0.0659375 0.5595685 0.011874999999999997 0.055347000000000035
1 0.0665625 0.47701649999999995 0.013124999999999998 0.05347099999999999
1 0.0696875 0.39493399999999995 0.011874999999999997 0.06379000000000001
1 0.07375000000000001 0.2354595 0.01625 0.050657000000000015
1 0.07250000000000001 0.31519699999999995 0.011249999999999996 0.05628600000000001
1 0.07500000000000001 0.15759850000000003 0.011249999999999996 0.054408999999999985
1 0.078125 0.0825515 0.010000000000000009 0.052532999999999996
1 0.080625 0.7326455000000001 0.010000000000000009 0.056285000000000036
1 0.08249999999999999 0.6454035 0.008749999999999994 0.05816100000000002
1 0.083125 0.5595685 0.009999999999999995 0.055347000000000035
1 0.0878125 0.31425899999999996 0.014374999999999999 0.05816199999999999
1 0.0871875 0.47326450000000003 0.010624999999999996 0.05347099999999999
1 0.0896875 0.3944655 0.015625 0.05722299999999997
1 0.0921875 0.1557225 0.015625 0.054409000000000006
1 0.0909375 0.23264549999999998 0.010624999999999996 0.056285000000000036
1 0.1009375 0.643058 0.020625000000000004 0.07223200000000007
1 0.095625 0.08067550000000001 0.008750000000000008 0.048781000000000005
1 0.105625 0.4723265000000001 0.013749999999999998 0.05534699999999997
1 0.104375 0.5576925 0.008749999999999994 0.05909900000000001
1 0.10625000000000001 0.3105065000000001 0.009999999999999995 0.05816100000000002
1 0.106875 0.390244 0.011249999999999996 0.05816199999999999
1 0.10875 0.2307695 0.010000000000000009 0.052532999999999996
1 0.11031250000000001 0.153846 0.013125000000000012 0.05816200000000001
1 0.1121875 0.0778615 0.011874999999999997 0.054409000000000006
1 0.12375 0.47138849999999993 0.013749999999999984 0.057223000000000024
1 0.125 0.390244 0.011249999999999996 0.06191399999999997
1 0.12625 0.30581600000000003 0.013749999999999998 0.06003799999999998
1 0.128125 0.227955 0.009999999999999995 0.05816199999999999
1 0.129375 0.1482175 0.007500000000000007 0.054409
1 0.130625 0.0731705 0.007500000000000007 0.052532999999999996
