1 0.08990300000000001 0.9425 0.016598 0.0462499999999999
1 0.093707 0.8709375 0.013139999999999999 0.04562500000000003
1 0.11929450000000001 0.875 0.011757000000000004 0.04125000000000001
1 0.13278 0.94 0.015214000000000005 0.04749999999999999
1 0.3063625 0.9484375 0.04564299999999999 0.05812499999999998
1 0.362033 0.95625 0.01314000000000004 0.028749999999999942
1 0.414246 0.95375 0.034578 0.05499999999999994
1 0.5114105 0.5365625 0.02973700000000007 0.03562499999999991
1 0.5114105000000001 0.34750000000000003 0.017289 0.027500000000000024
1 0.5141770000000001 0.7334375 0.02282200000000001 0.030625000000000013
1 0.6922545 0.9221875 0.03042900000000004 0.05687500000000001
1 0.7876905000000001 0.8343750000000001 0.02074699999999996 0.02749999999999997
1 0.8367910000000001 0.930625 0.04010999999999998 0.04249999999999998
