1 0.518125 0.4459705 0.03874999999999995 0.150183
1 0.51625 0.22619050000000004 0.03249999999999997 0.13919499999999999
1 0.569375 0.165751 0.05625000000000002 0.22893800000000003
1 0.571875 0.4212455 0.03875000000000006 0.16117299999999996
1 0.6303125 0.4212455 0.03187499999999999 0.16483499999999995
1 0.6284375 0.17216099999999998 0.02562500000000001 0.15201399999999998
1 0.74375 0.110348 0.08499999999999996 0.182234
1 0.7540625 0.39148349999999993 0.07937499999999997 0.19505499999999995
1 0.920625 0.39148350000000004 0.053749999999999964 0.18406499999999998
1 0.919375 0.135989 0.04625000000000001 0.16575
1 0.9759375 0.392399 0.046875 0.182234
1 0.975 0.1373625 0.04249999999999998 0.157509
