1 0.1390625 0.735417 0.013124999999999998 0.11749999999999994
1 0.17093750000000002 0.3658335 0.02687500000000001 0.091667
1 0.18875 0.73875 0.04749999999999999 0.11416599999999999
1 0.1878125 0.21374999999999997 0.021875000000000006 0.07583399999999998
1 0.2 0.54 0.046249999999999986 0.09166600000000003
1 0.210625 0.3675 0.04250000000000001 0.08833400000000002
1 0.22499999999999998 0.21208349999999998 0.04250000000000001 0.07916699999999999
1 0.25125 0.7341665 0.03624999999999998 0.1083329999999999
1 0.2625 0.5483334999999999 0.037500000000000006 0.10166700000000001
1 0.26749999999999996 0.3825 0.034999999999999976 0.10333400000000004
1 0.2825 0.22374999999999998 0.03624999999999995 0.09583400000000002
1 0.355 0.7395835000000001 0.04125000000000001 0.10583299999999995
1 0.358125 0.5558329999999999 0.03999999999999998 0.09999999999999998
1 0.3625 0.38833349999999994 0.04125000000000001 0.088333
1 0.3684375 0.23458299999999999 0.03187500000000004 0.07749999999999999
1 0.47 0.6104165 0.03624999999999995 0.08083300000000004
1 0.490625 0.30124999999999996 0.043749999999999956 0.07916600000000001
1 0.488125 0.4658335 0.036250000000000004 0.07666700000000004
1 0.5221875 0.6054164999999999 0.02937500000000004 0.07416699999999998
1 0.6056250000000001 0.23916649999999998 0.036250000000000004 0.093333
1 0.6159375 0.39874999999999994 0.051875000000000004 0.09083399999999997
1 0.624375 0.5570835 0.04249999999999998 0.09083300000000005
1 0.635625 0.735 0.04499999999999993 0.10666599999999993
1 0.7046875 0.388333 0.05437500000000006 0.10499999999999998
1 0.69625 0.23500000000000001 0.03500000000000003 0.09166599999999998
1 0.71375 0.5533335 0.043749999999999956 0.10833300000000001
1 0.725625 0.7420835 0.04625000000000001 0.12083299999999997
1 0.745625 0.22208350000000002 0.04249999999999998 0.085833
1 0.760625 0.37708350000000007 0.043749999999999956 0.099167
1 0.7725 0.55 0.04249999999999998 0.10166599999999992
1 0.79125 0.730833 0.04625000000000001 0.10499999999999998
1 0.7846875 0.23916649999999998 0.018124999999999947 0.09666699999999999
1 0.7978125 0.3916665 0.02312499999999995 0.091667
1 0.8159375 0.557083 0.023125000000000062 0.11250000000000004
1 0.8271875 0.7366665 0.021874999999999978 0.10666700000000007
