1 0.085284 0.95625 0.06856200000000001 0.05999999999999994
1 0.07859550000000001 0.8315625 0.045151 0.07687500000000003
1 0.1287625 0.84375 0.081939 0.07000000000000006
1 0.4134615 0.60375 0.071071 0.11624999999999996
1 0.4452345 0.4165625 0.04765900000000001 0.08687500000000004
1 0.5025085 0.2584375 0.08862899999999996 0.10562500000000002
1 0.49707349999999995 0.565 0.059365 0.10750000000000004
1 0.513796 0.3834375 0.04765800000000004 0.09562500000000002
1 0.673913 0.2715625 0.05685600000000002 0.076875
1 0.6693144999999999 0.3984375 0.039297000000000026 0.05812499999999998
1 0.6897989999999999 0.5884375 0.05685599999999991 0.09562499999999996
1 0.7286785 0.43875 0.034281000000000006 0.08375000000000005
1 0.7571070000000001 0.6334375 0.03595400000000004 0.09187499999999993
