1 0.169375 0.6180484999999999 0.08625 0.18048299999999995
1 0.17281249999999998 0.335257 0.081875 0.179434
1 0.2603125 0.12906600000000001 0.08062499999999997 0.09234
1 0.2746875 0.6190975 0.075625 0.18677900000000003
1 0.2759375 0.34522549999999996 0.07562499999999997 0.180483
1 0.400625 0.6096535 0.08250000000000002 0.17628500000000003
1 0.4009375 0.3515215 0.07687500000000003 0.167891
1 0.4084375 0.1332635 0.07687500000000003 0.088143
1 0.4934375 0.34732399999999997 0.07312500000000005 0.15949600000000003
1 0.49968749999999995 0.6117524999999999 0.07812499999999994 0.18048300000000006
1 0.7275 0.164218 0.04375000000000007 0.06820599999999999
1 0.7534375 0.601259 0.06812499999999999 0.163694
1 0.8190625 0.35152150000000004 0.06312499999999999 0.15110099999999999
1 0.8396874999999999 0.5975865 0.073125 0.15634899999999996
