1 0.7619790000000001 0.339453 0.10729200000000005 0.07578200000000002
1 0.22083350000000002 0.853906 0.022916999999999993 0.03749999999999998
1 0.24375000000000002 0.8457034999999999 0.022915999999999992 0.04453099999999999
1 0.25156249999999997 0.754297 0.030208999999999986 0.04765599999999992
1 0.2729165 0.8421875 0.022916999999999965 0.04843700000000006
1 0.3328125 0.346875 0.017708999999999975 0.03749999999999998
1 0.3427085 0.2902345 0.020833000000000046 0.03046899999999997
1 0.3541665 0.8273440000000001 0.02083299999999999 0.06406199999999995
1 0.36562500000000003 0.2578125 0.024999999999999967 0.03437500000000002
1 0.3854165 0.8238285000000001 0.027082999999999968 0.05703099999999994
1 0.402604 0.30546850000000003 0.06145800000000001 0.08593699999999999
1 0.39218749999999997 0.21914099999999997 0.02812500000000001 0.046093999999999996
1 0.45625 0.09335949999999998 0.06874999999999998 0.08046899999999998
1 0.46875 0.199219 0.06666599999999995 0.082812
1 0.6947920000000001 0.19570300000000002 0.08750000000000002 0.08984400000000001
1 0.7062499999999999 0.08906249999999999 0.07708400000000004 0.08906299999999999
