1 0.133125 0.386643 0.06 0.151142
1 0.135 0.617311 0.04874999999999999 0.12214399999999992
1 0.2578125 0.376538 0.06437499999999999 0.160808
1 0.4165625 0.6225835 0.03312499999999996 0.12565900000000008
1 0.42 0.3945515 0.03749999999999998 0.15641499999999997
1 0.4703125 0.2623025 0.023125000000000007 0.09753900000000001
1 0.5115624999999999 0.45386599999999994 0.02312499999999995 0.09578200000000002
1 0.5146875 0.6260985 0.01937500000000003 0.09402500000000001
1 0.6946874999999999 0.43541299999999994 0.010624999999999996 0.04305800000000004
1 0.711875 0.45562400000000003 0.008750000000000036 0.04481600000000002
