1 0.0921875 0.4716665 0.01937499999999999 0.04166700000000001
1 0.2065625 0.5529164999999999 0.018125000000000002 0.03416699999999995
1 0.2084375 0.4733334999999999 0.019375000000000003 0.048333000000000015
1 0.25656249999999997 0.47 0.02562499999999998 0.06499999999999995
1 0.2596875 0.39000000000000007 0.021875000000000006 0.05333399999999999
1 0.2590625 0.565 0.018125000000000002 0.04833399999999999
1 0.3096875 0.5716665 0.008124999999999993 0.04833299999999996
1 0.3225 0.5045835 0.028749999999999998 0.034167
1 0.3340625 0.5708335 0.010624999999999996 0.036667000000000005
1 0.339375 0.4579165 0.015000000000000013 0.04083300000000001
1 0.360625 0.49416649999999995 0.02250000000000002 0.031667
1 0.3575 0.5520835 0.010000000000000009 0.025832999999999995
1 0.3721875 0.455417 0.01937500000000003 0.03250000000000003
1 0.3903125 0.5570835 0.011874999999999969 0.03916700000000006
1 0.4078125 0.45375000000000004 0.023125000000000007 0.019166000000000016
1 0.4603125 0.5612499999999999 0.019374999999999976 0.04083400000000004
1 0.5384375 0.5475 0.018124999999999947 0.09333400000000003
1 0.603125 0.5412500000000001 0.03249999999999997 0.10583399999999998
1 0.72875 0.5416665 0.03249999999999997 0.11166700000000002
1 0.8959375 0.5366665 0.030625000000000013 0.09833300000000006
