1 0.0341665 0.316875 0.068333 0.05624999999999997
1 0.0416665 0.1475 0.076667 0.05499999999999999
1 0.0425 0.23312499999999997 0.075 0.056249999999999994
1 0.0483335 0.06812499999999999 0.076667 0.04375
1 0.145 0.31937499999999996 0.083334 0.048750000000000016
1 0.1533335 0.23375 0.08666700000000001 0.05250000000000002
1 0.15916650000000002 0.15625 0.08833300000000001 0.044999999999999984
1 0.1625 0.074375 0.07833400000000001 0.043750000000000004
1 0.2616665 0.16 0.08333300000000002 0.044999999999999984
1 0.26 0.239375 0.06999999999999998 0.05125000000000002
1 0.26 0.323125 0.06999999999999998 0.053749999999999964
1 0.2733335 0.07875 0.06666700000000003 0.04000000000000001
1 0.39250000000000007 0.49874999999999997 0.04166599999999998 0.057499999999999996
1 0.3925 0.585625 0.03833399999999998 0.04125000000000001
1 0.393333 0.6325000000000001 0.03999999999999998 0.029999999999999916
1 0.39666700000000005 0.244375 0.040000000000000036 0.05125000000000002
1 0.39666700000000005 0.32499999999999996 0.040000000000000036 0.04999999999999999
1 0.695 0.024375 0.063334 0.02625
1 0.6983334999999999 0.104375 0.06666699999999992 0.03125
1 0.6999999999999998 0.065 0.063334 0.0325
1 0.7016665 0.14750000000000002 0.06666700000000003 0.037500000000000006
1 0.7050000000000001 0.18875 0.05999999999999994 0.034999999999999976
1 0.71 0.274375 0.066666 0.03125
1 0.7108335 0.23249999999999998 0.06833299999999998 0.035
1 0.7158335 0.318125 0.061666999999999916 0.028749999999999998
1 0.7766665000000001 0.0925 0.06666700000000003 0.035
1 0.778333 0.05437499999999999 0.06999999999999995 0.03625
1 0.7799999999999999 0.133125 0.06000000000000005 0.03374999999999999
1 0.7866669999999999 0.176875 0.06000000000000005 0.036250000000000004
1 0.79 0.22125 0.063334 0.035
1 0.8558330000000001 0.03937499999999999 0.07500000000000007 0.03874999999999999
1 0.8574999999999999 0.08125 0.06500000000000006 0.035
1 0.8666670000000001 0.12437499999999999 0.06999999999999995 0.03374999999999999
1 0.87 0.16625 0.07333400000000001 0.035
1 0.8725 0.21125 0.068334 0.0325
1 0.8766664999999999 0.25625 0.07333299999999998 0.035
1 0.934167 0.043125 0.05500000000000005 0.04625
1 0.9383335 0.078125 0.046667000000000014 0.03875000000000001
1 0.943333 0.128125 0.050000000000000044 0.03624999999999999
1 0.9500000000000001 0.16749999999999998 0.05999999999999994 0.037500000000000006
1 0.9525000000000001 0.255 0.05499999999999994 0.0325
1 0.9516669999999999 0.21687499999999998 0.04999999999999993 0.04374999999999998
