1 0.5718749999999999 0.35700849999999995 0.015000000000000013 0.04233300000000001
1 0.5834375 0.49435550000000006 0.020625000000000004 0.03104500000000004
1 0.5953125 0.35794899999999996 0.016874999999999973 0.04421400000000003
1 0.6312500000000001 0.4586075 0.016249999999999987 0.040451000000000015
1 0.6553125 0.4557855 0.02562500000000001 0.03857100000000002
1 0.704375 0.45484500000000005 0.02124999999999999 0.044213999999999976
1 0.729375 0.45484500000000005 0.022499999999999964 0.044213999999999976
1 0.78 0.450141 0.02124999999999999 0.03856999999999999
1 0.808125 0.4510819999999999 0.02124999999999999 0.04797800000000002
1 0.88625 0.42850449999999995 0.013749999999999929 0.027281000000000003
1 0.8984375 0.3598305 0.013125000000000053 0.044215000000000004
