1 0.13874999999999998 0.7033335 0.037500000000000006 0.146667
1 0.23843750000000002 0.6862499999999999 0.02687500000000001 0.16083400000000003
1 0.3196875 0.6916665000000001 0.05812499999999998 0.15333300000000005
1 0.3228125 0.4054165 0.059374999999999956 0.20083299999999996
1 0.4128125 0.6916665000000001 0.04812500000000003 0.15333300000000005
1 0.416875 0.41375 0.040000000000000036 0.18083400000000005
1 0.515625 0.43875000000000003 0.08250000000000002 0.17583399999999996
1 0.49812500000000004 0.69125 0.03250000000000003 0.14249999999999996
1 0.5478125 0.6920835 0.028125000000000067 0.13416700000000004
1 0.6378125 0.4716665 0.06062499999999993 0.151667
1 0.70875 0.5012500000000001 0.03750000000000009 0.13416599999999995
1 0.8403125 0.5233329999999999 0.17437499999999995 0.14499999999999996
