1 0.625 0.5660000000000001 0.19399999999999992 0.132
1 0.372 0.2833335 0.03600000000000003 0.05466700000000002
1 0.376 0.46733349999999996 0.028000000000000025 0.07866699999999999
1 0.376 0.35866699999999996 0.02400000000000002 0.07200000000000001
1 0.447 0.453333 0.03400000000000003 0.08000000000000002
1 0.44899999999999995 0.27 0.03400000000000003 0.04133400000000001
1 0.454 0.34199999999999997 0.035999999999999976 0.07066599999999995
1 0.453 0.5920000000000001 0.026000000000000023 0.07999999999999996
1 0.608 0.2693335 0.108 0.061333
1 0.6150000000000001 0.4606665 0.118 0.10266700000000001
1 0.6180000000000001 0.346 0.12399999999999999 0.08400000000000002
