1 0.8206249999999999 0.5829165 0.06375000000000008 0.19083299999999995
1 0.3271875 0.485417 0.020625000000000004 0.03249999999999997
1 0.443125 0.60125 0.03125 0.07250000000000001
1 0.4753125 0.605417 0.02812500000000001 0.057499999999999996
1 0.5396875 0.52 0.01937499999999992 0.04166599999999998
1 0.5703125 0.4445835 0.009374999999999911 0.07916699999999999
1 0.5815625 0.42124999999999996 0.013125000000000053 0.09083400000000003
1 0.5821875 0.5570835 0.014375000000000027 0.08416699999999999
1 0.5996874999999999 0.3891665 0.018125000000000058 0.10333299999999995
1 0.5996874999999999 0.5408335 0.018125000000000058 0.10333300000000001
1 0.6168750000000001 0.47125 0.011250000000000093 0.09083399999999997
1 0.6278125 0.456667 0.018124999999999947 0.10999999999999999
1 0.6421874999999999 0.4270835 0.010624999999999996 0.07916699999999999
1 0.6884375 0.37666700000000003 0.028125000000000067 0.14999999999999997
1 0.7009375 0.6104165 0.026874999999999982 0.13916700000000004
1 0.7934375 0.24208300000000002 0.059374999999999956 0.24250000000000002
