1 0.0151365 0.19010400000000002 0.030273 0.028646000000000005
1 0.0180665 0.24869799999999997 0.018555000000000002 0.023438000000000014
1 0.090332 0.139323 0.014648000000000008 0.023438000000000014
1 0.092285 0.192708 0.010742000000000002 0.033853999999999995
1 0.097168 0.238281 0.012695999999999999 0.026042000000000037
1 0.2666015 0.2890625 0.011719000000000035 0.01302099999999995
1 0.267578 0.30859349999999997 0.013672000000000017 0.018228999999999995
1 0.282715 0.2890625 0.01074200000000003 0.01302099999999995
1 0.282715 0.3092445 0.01074200000000003 0.01432300000000003
1 0.3134765 0.30273449999999996 0.011719000000000035 0.01432300000000003
1 0.314453 0.28776050000000003 0.009765999999999997 0.013021000000000005
1 0.3295895 0.30338550000000003 0.008788999999999991 0.013021000000000005
1 0.330078 0.2864585 0.009765999999999997 0.01041700000000001
1 0.35546849999999997 0.28450549999999997 0.01171899999999998 0.01432300000000003
1 0.3574215 0.3007815 0.011719000000000035 0.018228999999999995
1 0.373535 0.28450549999999997 0.01074200000000003 0.01432300000000003
1 0.374512 0.3020835 0.01074200000000003 0.015625
1 0.3916015 0.2832029999999999 0.011719000000000035 0.011718000000000006
1 0.39160150000000005 0.30078150000000003 0.007813000000000014 0.013021000000000005
1 0.421875 0.280599 0.011718000000000006 0.011718000000000006
1 0.4228515 0.2981775 0.009765000000000024 0.015625
1 0.4365235 0.29752649999999997 0.013670999999999989 0.01432300000000003
1 0.437012 0.280599 0.01074200000000003 0.009114000000000011
1 0.4526365 0.2949215 0.012695000000000012 0.011719000000000035
1 0.452637 0.2786455 0.01074200000000003 0.015625
1 0.45214849999999995 0.3059895 0.007813000000000014 0.010416999999999954
1 0.5390625 0.1171875 0.03710900000000006 0.02083299999999999
1 0.5434570000000001 0.0690105 0.03417999999999999 0.015625
1 0.5869139999999999 0.0696615 0.03711000000000009 0.024739
1 0.6284179999999999 0.073568 0.03808599999999995 0.027343999999999997
1 0.6787110000000001 0.339193 0.04492200000000002 0.02994800000000003
1 0.6791995 0.40820300000000004 0.04394500000000001 0.03515600000000002
1 0.684082 0.1875 0.05175799999999997 0.04687599999999997
1 0.6826175 0.25911449999999997 0.042969000000000035 0.04166699999999998
1 0.760254 0.3509115 0.028320000000000012 0.040364999999999984
1 0.7612305 0.27473949999999997 0.030272999999999994 0.039063000000000014
1 0.8002929999999999 0.35677099999999995 0.030274000000000023 0.033853999999999995
1 0.843262 0.3665365 0.03417999999999999 0.035156999999999994
1 0.895996 0.3821615 0.04199200000000003 0.053385000000000016
