1 0.032031 0.503125 0.064062 0.05625000000000002
1 0.0328125 0.372656 0.065625 0.06406200000000001
1 0.0328125 0.6296875 0.065625 0.05312499999999998
1 0.4835935 0.691406 0.02968700000000002 0.06093800000000005
1 0.5 0.977344 0.021876000000000007 0.03281200000000006
1 0.535156 0.6937495 0.035938000000000025 0.059374999999999956
1 0.5445315 0.8890625 0.042187000000000086 0.04374900000000004
1 0.551562 0.95 0.03125 0.04062399999999999
1 0.603125 0.8765625 0.02187399999999995 0.028124999999999956
1 0.6289065 0.928906 0.010936999999999975 0.035938000000000025
1 0.7179685 0.6859375 0.010936999999999975 0.059374999999999956
1 0.7617185 0.692187 0.014063000000000048 0.06875000000000009
1 0.7984375 0.825 0.018750999999999962 0.021876000000000007
1 0.835156 0.6929685 0.010938000000000003 0.06093700000000002
1 0.8476565 0.807031 0.014063000000000048 0.026562000000000086
1 0.8656250000000001 0.614844 0.03749999999999998 0.042188
1 0.857031 0.6234375 0.014062000000000019 0.028124999999999956
1 0.865625 0.84375 0.018750000000000044 0.021876000000000007
1 0.890625 0.689844 0.018750000000000044 0.04531200000000002
1 0.897656 0.7960935 0.020311999999999997 0.026563000000000003
1 0.9468755 0.6273435 0.034375000000000044 0.026563000000000003
