1 0.710648 0.0852275 0.09104999999999996 0.141529
1 0.019289999999999998 0.49845 0.023148 0.127066
1 0.028549500000000002 0.3357435 0.032407000000000005 0.13016500000000003
1 0.035879499999999995 0.1668385 0.028548999999999998 0.137397
1 0.044753 0.48863650000000003 0.030864000000000003 0.12190100000000004
1 0.058256 0.3161155 0.02855 0.13016499999999998
1 0.066358 0.1487605 0.020061999999999997 0.12190100000000001
1 0.1030095 0.484504 0.036265000000000006 0.13429799999999997
1 0.107639 0.29390499999999997 0.027006000000000002 0.14772800000000003
1 0.116512 0.0991735 0.030864000000000003 0.134297
1 0.17631200000000002 0.4741735 0.034722 0.14669500000000002
1 0.1875 0.2623965 0.03858 0.16115699999999997
1 0.4459875 0.15030949999999998 0.055554999999999966 0.17665299999999995
1 0.5227625 0.1208675 0.05324099999999993 0.198347
