1 0.05604700000000001 0.615044 0.08554600000000001 0.20550599999999997
1 0.0556785 0.48328400000000005 0.061209 0.05408000000000002
1 0.054572499999999996 0.046706 0.053097 0.07768
1 0.206858 0.0555555 0.09070799999999998 0.077679
1 0.2123895 0.4827925 0.06784699999999999 0.06882899999999997
1 0.38864299999999996 0.492134 0.04424800000000001 0.058013999999999954
1 0.5059 0.693707 0.054572000000000065 0.09341199999999994
1 0.6283185 0.495084 0.06342099999999995 0.05211399999999994
1 0.8112095 0.05555550000000001 0.08554499999999998 0.06391300000000001
1 0.8104720000000001 0.49213400000000007 0.06637199999999999 0.05998000000000003
1 0.9623895 0.493117 0.058996999999999966 0.061945999999999946
1 0.965708 0.057522 0.04350999999999994 0.07768
