1 0.15875 0.3469565 0.057499999999999996 0.07304299999999997
1 0.269375 0.35391349999999994 0.056249999999999994 0.066087
1 0.271875 0.5169565 0.06125 0.10347899999999999
1 0.3409375 0.505652 0.020625000000000004 0.11565200000000005
1 0.38 0.49521750000000003 0.050000000000000044 0.10173899999999998
1 0.504375 0.5004345 0.05249999999999999 0.09826099999999999
1 0.5725 0.37043499999999996 0.057499999999999996 0.08000000000000002
1 0.573125 0.5191305 0.053749999999999964 0.08869500000000002
1 0.7831250000000001 0.5234785 0.05874999999999997 0.09739099999999995
1 0.780625 0.381739 0.043749999999999956 0.067826
