1 0.2574915 0.618125 0.05993299999999999 0.25625
1 0.29800200000000004 0.3521875 0.06992199999999998 0.148125
1 0.327414 0.6365625 0.06659199999999998 0.21187500000000004
1 0.3801335 0.405 0.04550500000000002 0.12125000000000002
1 0.4877915000000001 0.404375 0.094339 0.05625000000000002
1 0.49445049999999996 0.47625 0.06992300000000001 0.06625000000000003
1 0.5049939999999999 0.556875 0.07325199999999998 0.06125000000000003
1 0.553274 0.40375 0.05438399999999999 0.05500000000000005
1 0.5593785000000001 0.47624999999999995 0.059933000000000014 0.07
1 0.5776910000000001 0.5506249999999999 0.07214200000000004 0.04749999999999999
