1 0.16099549999999999 0.85625 0.08796699999999999 0.10750000000000004
1 0.22074699999999997 0.5528124999999999 0.06805 0.08562499999999995
1 0.313693 0.201875 0.06805 0.07374999999999998
1 0.5456435 0.27625 0.058921 0.06125
1 0.6522819999999999 0.9084375 0.06805000000000005 0.156875
1 0.640664 0.6365625 0.036513999999999935 0.05812499999999998
1 0.7302905 0.649375 0.05145300000000008 0.05999999999999994
1 0.840249 0.6596875 0.053942000000000045 0.059374999999999956
1 0.8709544999999999 0.30093749999999997 0.057261000000000006 0.06687499999999996
1 0.9535270000000001 0.649375 0.049792000000000065 0.06625000000000003
