1 0.1490625 0.227273 0.019375000000000003 0.0403
1 0.2171875 0.471884 0.020625000000000004 0.023430000000000006
1 0.2171875 0.3575445 0.015625 0.03280300000000003
1 0.21781250000000002 0.41893149999999996 0.016875 0.052483
1 0.2365625 0.41518249999999995 0.023125000000000007 0.04873499999999997
1 0.2353125 0.35285849999999996 0.015625 0.053420999999999996
1 0.2353125 0.4681350000000001 0.013124999999999998 0.034675999999999985
1 0.25625 0.34301750000000003 0.00874999999999998 0.05060899999999996
1 0.2684375 0.334114 0.010624999999999996 0.0403
1 0.276875 0.46626049999999997 0.016249999999999987 0.03467700000000001
1 0.28375 0.327554 0.010000000000000009 0.049672
1 0.29593749999999996 0.38940949999999996 0.014374999999999971 0.053420999999999996
1 0.29874999999999996 0.4625115 0.013749999999999984 0.03842499999999999
1 0.299375 0.3163075 0.010000000000000009 0.04592299999999999
1 0.3159375 0.4597 0.018125000000000002 0.044047999999999976
1 0.3178125 0.30881 0.009375000000000022 0.049672
1 0.3346875 0.45079650000000004 0.01687500000000003 0.050609000000000015
1 0.358125 0.45735750000000003 0.014999999999999958 0.06747900000000001
1 0.41093749999999996 0.27225849999999996 0.02812500000000001 0.04592299999999999
1 0.4165625 0.3537955 0.026874999999999982 0.04779699999999998
1 0.4653125 0.270384 0.019374999999999976 0.049672
1 0.4709375 0.3659795 0.02562500000000001 0.060919
1 0.5421875 0.36738499999999996 0.021874999999999978 0.07872600000000002
1 0.5434375 0.282568 0.021874999999999978 0.06654199999999999
1 0.6471875 0.2760075 0.01937500000000003 0.03842499999999999
1 0.6734374999999999 0.28537950000000006 0.010624999999999996 0.04217499999999996
1 0.6778124999999999 0.3575445 0.011874999999999969 0.040298999999999974
1 0.6946875 0.3294285 0.014375000000000027 0.053420999999999996
1 0.6953125 0.221181 0.015625 0.052484
1 0.7190624999999999 0.3172445 0.024374999999999925 0.06279299999999999
1 0.7234375 0.198219 0.018125000000000058 0.059043999999999985
1 0.7878125 0.158388 0.021874999999999978 0.065604
1 0.7953125000000001 0.5417059999999999 0.030625000000000013 0.08247399999999994
