1 0.314375 0.7110695 0.0625 0.125703
1 0.315 0.8860225 0.06374999999999997 0.13977499999999998
1 0.314375 0.4404315 0.057499999999999996 0.12288899999999997
1 0.3225 0.5661355 0.06125000000000003 0.11913700000000003
1 0.3225 0.3292685000000001 0.05874999999999997 0.099437
1 0.3259375 0.23405250000000002 0.041874999999999996 0.09474699999999998
1 0.4396875 0.2889305 0.12437499999999996 0.13508499999999998
1 0.4509375 0.4793619999999999 0.140625 0.13508399999999993
1 0.44718749999999996 0.380394 0.13062499999999994 0.13602199999999998
1 0.46499999999999997 0.614447 0.16624999999999995 0.15197000000000005
1 0.4740625 0.7514075000000001 0.17937499999999995 0.163227
1 0.4846875 0.9193245000000001 0.188125 0.15009300000000003
1 0.6321874999999999 0.4188555000000001 0.219375 0.19418300000000005
1 0.6468750000000001 0.511726 0.23624999999999996 0.19981199999999993
1 0.6665625 0.6139775 0.2443749999999999 0.20731700000000008
1 0.6921875 0.7340525 0.26812500000000006 0.19418300000000002
1 0.7128125000000001 0.8597565 0.280625 0.20731699999999995
1 0.7059375 0.9573170000000001 0.23312500000000003 0.08348999999999995
1 0.8009375000000001 0.5450280000000001 0.07562499999999994 0.07317000000000007
1 0.8271875 0.6350844999999999 0.07687500000000003 0.08067499999999994
1 0.8484375 0.727486 0.08562499999999995 0.09287000000000001
1 0.8768750000000001 0.8377114999999999 0.08875 0.0975609999999999
1 0.9228125 0.642589 0.13937500000000003 0.13508399999999998
1 0.9378124999999999 0.7120074999999999 0.12312500000000004 0.135085
