1 0.07375 0.6733335 0.04 0.03833299999999995
1 0.08 0.6095830000000001 0.03875000000000001 0.03749999999999998
1 0.08125 0.543333 0.03875000000000001 0.039999999999999925
1 0.08156250000000001 0.48125 0.031875 0.03583400000000003
1 0.08374999999999999 0.415 0.03624999999999999 0.03166600000000003
1 0.08875 0.2829165 0.04375 0.029167
1 0.086875 0.34958350000000005 0.0325 0.030833
1 0.1378125 0.21375000000000002 0.134375 0.02083399999999999
1 0.11125 0.7404169999999999 0.027499999999999997 0.03750000000000009
1 0.12187500000000001 0.6758335 0.045 0.03333300000000006
1 0.124375 0.615 0.04250000000000001 0.04499999999999993
1 0.125 0.48125 0.04125000000000001 0.03583400000000003
1 0.12687500000000002 0.5466665 0.037500000000000006 0.036666999999999894
1 0.13343750000000001 0.350833 0.04437500000000001 0.040000000000000036
1 0.12937500000000002 0.418333 0.035 0.03500000000000003
1 0.13375 0.288333 0.036250000000000004 0.030000000000000027
1 0.1753125 0.6095835 0.049375 0.04083300000000001
1 0.17531249999999998 0.5475 0.03312499999999999 0.03166599999999997
1 0.1759375 0.4795835 0.03437499999999999 0.029167
1 0.1825 0.35375000000000006 0.037500000000000006 0.039166000000000034
1 0.1825 0.29125 0.0325 0.030834000000000028
1 0.2178125 0.6112500000000001 0.046875 0.040833999999999926
1 0.218125 0.6829165 0.03874999999999998 0.035833000000000004
1 0.221875 0.5491665 0.04374999999999998 0.03833299999999995
1 0.22062500000000002 0.48374999999999996 0.03624999999999998 0.04083400000000004
1 0.22625 0.3554165 0.035 0.035833000000000004
