1 0.0499535 0.3721875 0.071895 0.080625
1 0.052287999999999994 0.135625 0.076564 0.07874999999999999
1 0.05508899999999999 0.49250000000000005 0.08216599999999999 0.08500000000000002
1 0.052287499999999994 0.2515625 0.070961 0.07812500000000003
1 0.05602199999999999 0.6153124999999999 0.06349199999999999 0.08187500000000003
1 0.1414565 0.13624999999999998 0.071895 0.07999999999999999
1 0.1414565 0.49 0.071895 0.08374999999999999
1 0.1442575 0.3696875 0.071895 0.08187500000000003
1 0.145658 0.250625 0.069094 0.08374999999999999
1 0.28337999999999997 0.135625 0.07936599999999999 0.07874999999999999
1 0.3702145 0.135625 0.07936500000000002 0.075
1 0.502801 0.135625 0.06816000000000005 0.07874999999999999
