1 0.0778125 0.7487415 0.02187499999999999 0.01929499999999995
1 0.1415625 0.7567115 0.023125000000000007 0.010067000000000048
1 0.136875 0.7936245000000001 0.011249999999999982 0.011745000000000004
1 0.18843749999999998 0.7911075 0.009374999999999994 0.013422999999999963
1 0.1965625 0.8598995 0.020625000000000004 0.013423000000000072
1 0.235625 0.7575505000000001 0.006249999999999978 0.00838899999999998
1 0.250625 0.7567115 0.007500000000000007 0.010067000000000048
1 0.26156250000000003 0.7525164999999999 0.009374999999999967 0.011745000000000004
1 0.31343750000000004 0.6644295 0.003124999999999989 0.011745000000000004
1 0.32375 0.670302 0.0050000000000000044 0.013421999999999934
1 0.349375 0.6816275 0.0050000000000000044 0.012582999999999898
1 0.41625 0.7143455 0.0025000000000000022 0.015939000000000036
1 0.5090625 0.6463925 0.011874999999999969 0.017616999999999994
1 0.510625 0.624161 0.008750000000000036 0.013421999999999934
1 0.5218750000000001 0.6505875 0.006249999999999978 0.022650999999999977
1 0.5240625000000001 0.627517 0.010624999999999996 0.01677799999999996
1 0.5271874999999999 0.8963925 0.011874999999999969 0.02097300000000002
1 0.5325 0.9081374999999999 0.006249999999999978 0.024328999999999934
1 0.6240625 0.645554 0.015625 0.01258400000000004
1 0.6471875 0.645554 0.015625 0.009228000000000014
1 0.6478125 0.918624 0.01187500000000008 0.01677799999999996
1 0.66375 0.646393 0.010000000000000009 0.010906000000000084
1 0.684375 0.9270135 0.007499999999999951 0.01677899999999999
1 0.688125 0.644715 0.012499999999999956 0.010905999999999971
1 0.7106250000000001 0.8892614999999999 0.008749999999999925 0.01677899999999999
1 0.7746875 0.8875839999999999 0.014375000000000027 0.01677800000000007
1 0.8 0.883389 0.010000000000000009 0.021811999999999943
1 0.8775 0.9064595 0.008749999999999925 0.027684999999999963
