1 0.16375 0.7973735000000001 0.11124999999999999 0.136961
1 0.1946875 0.529081 0.131875 0.32270200000000004
1 0.298125 0.8297375 0.08625 0.12476500000000001
1 0.318125 0.5759850000000001 0.09750000000000003 0.290806
1 0.44437499999999996 0.6153845 0.08625 0.292683
1 0.4621875 0.8578794999999999 0.07312500000000005 0.11913700000000003
1 0.548125 0.6590055 0.08875 0.271107
1 0.6384375 0.6998125 0.06937499999999996 0.24953100000000006
1 0.6671875 0.900094 0.055624999999999925 0.09287000000000001
1 0.72875 0.9258915 0.03249999999999997 0.07879900000000006
1 0.74625 0.7668855 0.053749999999999964 0.192307
1 0.7696875000000001 0.9362105 0.03937500000000005 0.07692299999999996
1 0.784375 0.785647 0.053750000000000075 0.17542199999999997
1 0.81125 0.9399625 0.036250000000000004 0.07692299999999996
1 0.8478125 0.9446525 0.034375000000000044 0.07692300000000007
