1 0.172222 0.686111 0.07777799999999999 0.157408
1 0.1840275 0.462037 0.095833 0.14999999999999997
1 0.2 0.262037 0.066666 0.10555600000000002
1 0.276389 0.6925924999999999 0.097222 0.155555
1 0.295139 0.47777749999999997 0.068056 0.13703700000000002
1 0.29861150000000003 0.273148 0.06388900000000003 0.10185199999999998
1 0.4083335 0.7009255 0.058333000000000024 0.13888900000000004
1 0.4138885 0.49166649999999995 0.061111000000000026 0.13518499999999994
1 0.416667 0.3101855 0.04999999999999999 0.08703700000000003
1 0.5368055 0.5074075 0.04861100000000007 0.12222299999999997
1 0.5375000000000001 0.33703700000000003 0.047221999999999986 0.09259199999999995
1 0.6493055 0.35185150000000004 0.04861099999999996 0.08518500000000001
1 0.6541665 0.5157405 0.05833299999999997 0.11666699999999997
1 0.6569445 0.709259 0.06388899999999997 0.12963000000000002
1 0.7604165 0.34074050000000006 0.05694499999999991 0.088889
1 0.7708335 0.5185185 0.061111000000000026 0.12222299999999997
1 0.7729165 0.716667 0.05694500000000002 0.12963000000000002
1 0.8354165 0.35555549999999997 0.054167000000000076 0.07777700000000004
1 0.8430555 0.525926 0.05833300000000008 0.11481399999999997
1 0.8513885 0.7222225 0.06388900000000008 0.13333299999999992
