1 0.32375 0.37030250000000003 0.08250000000000002 0.251145
1 0.030625 0.7726854999999999 0.06125 0.230981
1 0.0325 0.4275895 0.065 0.20256700000000005
1 0.1403125 0.1136575 0.280625 0.22181499999999996
1 0.1784375 0.40971599999999997 0.231875 0.22731399999999993
1 0.16125 0.7557284999999999 0.14625 0.22823099999999996
1 0.31437499999999996 0.731439 0.08625 0.24197999999999997
1 0.3209375 0.0889095 0.085625 0.177819
1 0.45906250000000004 0.0843265 0.17062500000000003 0.168653
1 0.48031250000000003 0.35747 0.12062500000000004 0.23831400000000003
1 0.5078125 0.7153984999999999 0.17562499999999998 0.274061
1 0.6200000000000001 0.0737855 0.15125 0.147571
1 0.628125 0.31897349999999997 0.09375 0.22548099999999996
1 0.7740625 0.053162 0.18062500000000004 0.106324
1 0.8315625 0.3038495 0.130625 0.24472899999999997
