1 0.0546875 0.123823 0.073125 0.18926600000000002
1 0.0546875 0.408192 0.06812499999999999 0.17231600000000002
1 0.121875 0.5461395 0.04874999999999999 0.047080999999999935
1 0.1259375 0.264595 0.05687500000000001 0.077212
1 0.12625 0.7113935 0.04999999999999999 0.040489
1 0.22625 0.7391714999999999 0.04999999999999996 0.09604499999999992
1 0.23343750000000002 0.4100755 0.03812499999999999 0.09510300000000001
1 0.2328125 0.5734465 0.03437499999999999 0.092279
1 0.6640625 0.5988699999999999 0.038124999999999964 0.07533000000000001
1 0.7050000000000001 0.4745765 0.012500000000000067 0.065913
1 0.706875 0.5974574999999999 0.011249999999999982 0.06308899999999995
1 0.7209375 0.46139349999999996 0.016874999999999973 0.065913
1 0.7240625 0.5819205 0.015625 0.07156299999999993
1 0.7721875 0.5781540000000001 0.01937500000000003 0.06402999999999992
1 0.7734375 0.44397349999999997 0.01937499999999992 0.05743899999999996
1 0.806875 0.43973650000000003 0.03249999999999997 0.06214700000000001
1 0.8075 0.5753295 0.03374999999999995 0.07344699999999993
1 0.8315625 0.183145 0.02562500000000001 0.049906000000000006
1 0.8478125000000001 0.4444445 0.02937500000000004 0.07532900000000003
1 0.8490625 0.5753295 0.02937500000000004 0.05838099999999991
1 0.9584375 0.31450100000000003 0.028125000000000067 0.07344599999999996
1 0.9584375 0.44774 0.028125000000000067 0.07250399999999996
1 0.9596875 0.5800379999999999 0.02562500000000001 0.07909599999999994
1 0.9665625 0.18973600000000004 0.020625000000000004 0.04425599999999999
