1 0.036875000000000005 0.770548 0.011250000000000003 0.06849400000000005
1 0.0528125 0.7671235000000001 0.010625000000000002 0.06849300000000003
1 0.060625 0.7619864999999999 0.012500000000000004 0.07876700000000003
1 0.0759375 0.7611304999999999 0.013124999999999998 0.07705499999999998
1 0.085625 0.767123 0.011249999999999996 0.07191799999999993
1 0.1003125 0.7594175000000001 0.010624999999999996 0.07705499999999998
1 0.113125 0.7619865 0.0175 0.08561700000000005
1 0.1328125 0.7529965000000001 0.014375000000000027 0.089897
1 0.1625 0.7521405000000001 0.013749999999999984 0.09160900000000007
1 0.1803125 0.749572 0.016875 0.09674599999999998
1 0.2034375 0.745291 0.016875 0.09503399999999995
1 0.2271875 0.7384420000000002 0.018124999999999974 0.10530800000000007
1 0.2503125 0.7418665000000001 0.015625 0.10530899999999999
1 0.28093749999999995 0.7384420000000002 0.018125000000000002 0.10530800000000007
1 0.3146875 0.7375854999999999 0.021874999999999978 0.1104449999999999
1 0.3515625 0.728596 0.020625000000000004 0.125
1 0.43374999999999997 0.720462 0.04999999999999999 0.10530800000000007
1 0.5487500000000001 0.5179795 0.04375000000000007 0.08904099999999997
1 0.655 0.333476 0.03374999999999995 0.08989800000000003
1 0.703125 0.7260275 0.03249999999999997 0.087329
1 0.7884375 0.7354454999999999 0.028124999999999956 0.07876700000000003
1 0.858125 0.412671 0.02375000000000005 0.07191799999999998
1 0.9009375 0.594178 0.02312499999999995 0.06678000000000006
1 0.9409375 0.7427225 0.018124999999999947 0.05736299999999995
