1 0.26499999999999996 0.925625 0.061666000000000026 0.07499999999999996
1 0.2708335 0.844375 0.068333 0.07374999999999998
1 0.29125 0.760625 0.07750000000000001 0.06000000000000005
1 0.29125 0.6871875000000001 0.07250000000000001 0.0668749999999999
1 0.30291699999999994 0.6168750000000001 0.07750000000000001 0.05999999999999994
1 0.64 0.3453125 0.09999999999999998 0.03562499999999996
1 0.6516665 0.55125 0.11833300000000002 0.06499999999999995
1 0.6716665 0.819375 0.1316670000000001 0.08875
1 0.6462500000000001 0.479375 0.07916600000000007 0.05249999999999999
1 0.6845829999999999 0.919375 0.15249999999999997 0.0837500000000001
1 0.7766665 0.5109375 0.08666699999999994 0.06312499999999999
1 0.7858335 0.5821875000000001 0.07333299999999998 0.07187500000000002
1 0.80625 0.745 0.09583399999999997 0.08374999999999999
1 0.8233335 0.841875 0.088333 0.09250000000000003
1 0.8450000000000001 0.9440625 0.09499999999999997 0.08562499999999995
1 0.8508334999999999 0.5325 0.06166700000000003 0.06499999999999995
1 0.8666670000000001 0.6059375 0.06999999999999995 0.06187500000000001
1 0.8825 0.6784375 0.066666 0.073125
1 0.897083 0.768125 0.07750000000000001 0.07874999999999999
1 0.9145835 0.863125 0.07083299999999992 0.08374999999999999
1 0.9166664999999999 0.563125 0.06166700000000003 0.06125000000000003
1 0.9408335 0.9606250000000001 0.08666700000000005 0.07750000000000001
1 0.9337500000000002 0.6409374999999999 0.06416600000000006 0.06312499999999999
1 0.9495835000000001 0.71625 0.05916699999999997 0.07999999999999996
1 0.9700000000000001 0.7896875000000001 0.058334 0.06312499999999999
