1 0.0475 0.292778 0.018750000000000003 0.02999999999999997
1 0.1171875 0.30277750000000003 0.008124999999999993 0.016667000000000043
1 0.185 0.35833349999999997 0.0050000000000000044 0.01888899999999999
1 0.229375 0.353889 0.011249999999999982 0.014444000000000012
1 0.2575 0.2916665 0.008750000000000036 0.016666999999999987
1 0.2721875 0.28944449999999994 0.010625000000000051 0.012222999999999984
1 0.3615625 0.7422219999999999 0.021874999999999978 0.07555600000000007
1 0.405 0.368889 0.016250000000000042 0.024443999999999966
1 0.43375 0.30166649999999995 0.0050000000000000044 0.018889000000000045
1 0.4465625 0.29833350000000003 0.010625000000000051 0.016667000000000043
1 0.455625 0.297222 0.0050000000000000044 0.014444000000000012
1 0.466875 0.297222 0.0050000000000000044 0.014444000000000012
1 0.818125 0.4 0.012499999999999956 0.019999999999999962
1 0.846875 0.40222250000000004 0.011249999999999982 0.033333
