1 0.040624999999999994 0.7953125 0.040625999999999995 0.02500100000000005
1 0.3023435 0.724219 0.02968700000000002 0.051562
1 0.303906 0.6328125 0.029687999999999992 0.046875
1 0.3625 0.723438 0.028125999999999984 0.050000000000000044
1 0.3656245 0.634375 0.02812500000000001 0.050000000000000044
1 0.411719 0.719531 0.020311999999999997 0.04843799999999998
1 0.4156255 0.635937 0.02812500000000001 0.050000000000000044
1 0.4671875 0.6367185 0.021875000000000033 0.05468700000000004
1 0.473437 0.724219 0.03125 0.051562
1 0.4820315 0.8171875 0.035937 0.04062500000000002
1 0.552344 0.7210935 0.042188 0.051562999999999914
1 0.622656 0.722656 0.03906199999999993 0.05468799999999996
1 0.6859375 0.7265625 0.03749899999999995 0.046875
1 0.7921875 0.710156 0.068751 0.057811999999999975
1 0.9390624999999999 0.646875 0.021874999999999978 0.0625
1 0.950781 0.728125 0.02343800000000007 0.05937400000000004
1 0.971094 0.6507814999999999 0.02343800000000007 0.067187
1 0.9828125 0.7265625 0.02500100000000005 0.05624899999999999
