1 0.149375 0.066667 0.08125 0.115
1 0.04125 0.293333 0.08125 0.18999999999999997
1 0.20468750000000002 0.322083 0.06687499999999999 0.1775
1 0.3046875 0.12791650000000002 0.09687500000000004 0.12083300000000001
1 0.346875 0.3475 0.05625000000000002 0.16333400000000003
1 0.458125 0.18250000000000002 0.07250000000000001 0.10166599999999999
1 0.4559375 0.3733335 0.05062500000000003 0.143333
1 0.54625 0.3904165 0.04249999999999998 0.13583299999999998
1 0.9225 0.394167 0.07125000000000004 0.07
1 0.9371875000000001 0.6429165 0.06937500000000008 0.07583300000000004
