1 0.673125 0.845861 0.08750000000000002 0.14462399999999997
1 0.0075 0.436727 0.015 0.05899199999999999
1 0.044062500000000004 0.5789725 0.065625 0.12844900000000004
1 0.08875 0.40057100000000007 0.0675 0.07611800000000002
1 0.1471875 0.755947 0.066875 0.134158
1 0.15999999999999998 0.550904 0.06375 0.11988600000000005
1 0.26187499999999997 0.9348239999999999 0.07 0.12274000000000007
1 0.2678125 0.7235965 0.07187500000000002 0.132255
1 0.2796875 0.514748 0.06562499999999999 0.12939999999999996
1 0.28625 0.31779250000000003 0.065 0.12940100000000004
1 0.3884375 0.914367 0.073125 0.14462399999999997
1 0.390625 0.691246 0.07125000000000004 0.134158
1 0.4028125 0.481446 0.06812499999999999 0.13701200000000002
1 0.4059375 0.2797335 0.06687500000000002 0.12369100000000002
1 0.5253125000000001 0.882493 0.07187500000000002 0.14557600000000004
1 0.5271874999999999 0.6574690000000001 0.073125 0.140818
1 0.5315625 0.4467175 0.06937500000000002 0.136061
1 0.5321875 0.23882 0.06562499999999993 0.13130400000000003
1 0.6640625 0.6213135 0.07562500000000005 0.15033299999999994
1 0.6628125 0.405328 0.07062500000000005 0.140818
1 0.6646875 0.196955 0.06687500000000002 0.137012
1 0.800625 0.15080900000000003 0.07125000000000004 0.134158
1 0.8059375 0.358706 0.07687500000000003 0.140818
1 0.8121875000000001 0.5832539999999999 0.07687499999999992 0.15223599999999993
1 0.8165625000000001 0.8211229999999999 0.07562499999999994 0.159848
1 0.9409375 0.10038049999999998 0.06812499999999999 0.14557499999999998
1 0.9515625 0.318744 0.06937499999999996 0.14652800000000002
