1 0.260625 0.37458349999999996 0.10125000000000003 0.280833
1 0.47968750000000004 0.41500000000000004 0.09187499999999998 0.223334
1 0.5884375 0.4733335 0.051875000000000004 0.16833299999999998
1 0.7396875 0.504583 0.04437499999999994 0.14749999999999996
1 0.74625 0.7025 0.043749999999999956 0.11333400000000005
1 0.78125 0.52875 0.03125 0.12416600000000005
1 0.8612500000000001 0.548333 0.026249999999999996 0.11499999999999994
1 0.8831249999999999 0.5658335 0.02375000000000005 0.10166699999999995
1 0.9546874999999999 0.5750000000000001 0.01937500000000003 0.08999999999999997
1 0.9709375 0.4000000000000001 0.03312500000000007 0.056665999999999994
