1 0.34875000000000006 0.2953125 0.03583400000000003 0.02562500000000001
1 0.55625 0.25625 0.009166000000000007 0.017500000000000016
1 0.5766665 0.254375 0.01333300000000004 0.013749999999999984
1 0.5912499999999999 0.25625 0.0108339999999999 0.01999999999999999
1 0.6104164999999999 0.2578125 0.009167000000000036 0.020625000000000004
1 0.63 0.2546875 0.011665999999999954 0.020625000000000004
1 0.6462500000000001 0.25375000000000003 0.015834000000000015 0.01874999999999999
1 0.6654165 0.2528125 0.009167000000000036 0.016874999999999973
1 0.72125 0.2828125 0.020833999999999908 0.021875000000000033
1 0.7508330000000001 0.19375 0.020000000000000018 0.017500000000000016
1 0.7541665000000001 0.4809375 0.013332999999999928 0.021875000000000033
1 0.7633335 0.28718750000000004 0.031667 0.013124999999999998
1 0.7725000000000001 0.4246875 0.013334000000000068 0.02562500000000001
1 0.7766665 0.48 0.013332999999999928 0.020000000000000018
1 0.8054165000000001 0.421875 0.03416700000000006 0.03374999999999995
1 0.8054165000000001 0.48062499999999997 0.010832999999999982 0.01874999999999999
1 0.8120835 0.19718750000000002 0.015832999999999986 0.020624999999999977
1 0.8225000000000001 0.13624999999999998 0.013333999999999957 0.014999999999999986
1 0.8233335 0.11124999999999999 0.011666999999999983 0.013749999999999998
1 0.8362499999999998 0.42093749999999996 0.022500000000000075 0.03562499999999996
1 0.8312500000000002 0.48 0.009166000000000007 0.023749999999999993
1 0.8416665 0.159375 0.0066669999999999785 0.013750000000000012
1 0.8429165 0.10625000000000001 0.009167000000000036 0.009999999999999995
1 0.8441665 0.13093749999999998 0.0066669999999999785 0.0018749999999999878
1 0.922917 0.18843749999999998 0.022499999999999964 0.016875
1 0.92375 0.2190625 0.01083400000000001 0.013124999999999998
