1 0.3309375 0.545 0.12062499999999998 0.2066660000000001
1 0.01625 0.03749999999999999 0.0325 0.06666599999999999
1 0.034375 0.53625 0.06875 0.18583400000000005
1 0.038125 0.24250000000000002 0.07625 0.13333400000000004
1 0.5740625 0.34583350000000007 0.109375 0.088333
1 0.578125 0.207083 0.04249999999999998 0.0625
1 0.696875 0.35708350000000005 0.10250000000000004 0.08583300000000005
1 0.694375 0.22166650000000002 0.040000000000000036 0.056666999999999995
1 0.8046875 0.3675 0.08562500000000006 0.08666600000000002
1 0.8 0.238333 0.03749999999999998 0.05499999999999999
