1 0.3125 0.8179165 0.11124999999999996 0.229167
1 0.49812500000000004 0.846667 0.12375000000000003 0.04999999999999993
1 0.5 0.7766665 0.12000000000000005 0.05166700000000002
1 0.5046875 0.6258334999999999 0.11937499999999995 0.06333299999999997
1 0.51 0.3858335 0.12125000000000002 0.04833299999999996
1 0.5075 0.325417 0.11374999999999996 0.03749999999999998
1 0.6699999999999999 0.7645835 0.10625000000000007 0.044166999999999956
1 0.6699999999999999 0.33749999999999997 0.09875 0.034999999999999976
1 0.6734375 0.6187499999999999 0.09687500000000004 0.07750000000000001
1 0.6784375 0.39999999999999997 0.104375 0.04999999999999999
