1 0.12593749999999998 0.128957 0.079375 0.12197399999999999
1 0.2034375 0.18296099999999998 0.05562500000000001 0.12197399999999999
1 0.2346875 0.0758845 0.06437499999999996 0.09590299999999999
1 0.2925 0.24534450000000002 0.05125000000000002 0.11080099999999998
1 0.311875 0.1503725 0.05125000000000002 0.09590299999999999
1 0.426875 0.46601499999999996 0.04874999999999996 0.12011199999999994
1 0.4340625 0.34776550000000006 0.046875 0.12011099999999997
1 0.4403125 0.2472065 0.03937499999999999 0.09590299999999999
1 0.48843749999999997 0.3868714999999999 0.043125000000000024 0.11452499999999997
1 0.48968749999999994 0.8351955 0.03562499999999996 0.14897499999999997
1 0.4903125 0.284451 0.03437499999999993 0.10521400000000004
1 0.5340625 0.855214 0.03687499999999999 0.14618200000000003
1 0.6025 0.462756 0.03125 0.098696
1 0.603125 0.3826815 0.03249999999999997 0.08379900000000001
1 0.6059375 0.695996 0.02937499999999993 0.09962799999999995
1 0.6115625 0.8836124999999999 0.04062499999999991 0.13594099999999998
1 0.65125 0.9008379999999999 0.03125 0.12756
1 0.6853125 0.9087525 0.02937499999999993 0.14711299999999994
1 0.6971875000000001 0.5200184999999999 0.030625000000000013 0.05307300000000004
1 0.6990625 0.6261639999999999 0.034375000000000044 0.069832
1 0.7121875 0.7313780000000001 0.03187499999999999 0.04748600000000003
1 0.7153125 0.9241155 0.03312500000000007 0.12756100000000004
1 0.8109375 0.551676 0.024375000000000036 0.062384000000000106
1 0.8190625 0.6224394999999999 0.018124999999999947 0.05493500000000007
1 0.8284374999999999 0.7150835 0.024374999999999925 0.06890099999999999
1 0.8446875 0.5945064999999999 0.038124999999999964 0.04189900000000002
1 0.8446875 0.8296085000000001 0.028125000000000067 0.08379899999999996
1 0.8531249999999999 0.638268 0.03749999999999998 0.0530719999999999
1 0.856875 0.6843575000000001 0.04500000000000004 0.06145300000000009
1 0.8678125 0.73324 0.038124999999999964 0.05120999999999997
1 0.8753124999999999 0.777933 0.038125000000000075 0.04934799999999994
1 0.8625 0.5689015 0.010000000000000009 0.031656999999999935
1 0.8787499999999999 0.827281 0.03749999999999998 0.04934800000000006
1 0.8768750000000001 0.583333 0.007499999999999951 0.02700199999999997
