1 0.116189 0.1296875 0.04492599999999999 0.081875
1 0.12238600000000001 0.3090625 0.05732000000000001 0.085625
1 0.12354799999999999 0.7190624999999999 0.05499600000000002 0.07187500000000002
1 0.11735050000000001 0.21437499999999998 0.037955 0.08374999999999999
1 0.12161100000000001 0.4140625 0.046476 0.073125
1 0.1212235 0.6359375 0.03795499999999999 0.08062500000000006
1 0.1258715 0.510625 0.042603 0.07499999999999996
1 0.18512749999999997 0.2553125 0.051122999999999974 0.076875
1 0.189388 0.1671875 0.042602 0.061874999999999986
1 0.1870645 0.6231249999999999 0.030208999999999986 0.07500000000000007
1 0.19016299999999997 0.33875 0.036405999999999994 0.07
1 0.19132449999999998 0.7028125000000001 0.038728999999999986 0.06312499999999999
1 0.18822650000000002 0.5096875000000001 0.027884999999999993 0.06312499999999999
1 0.194423 0.421875 0.04027800000000001 0.06499999999999995
1 0.24206049999999998 0.610625 0.03795499999999999 0.05625000000000002
1 0.24322249999999998 0.515625 0.035630999999999996 0.05499999999999999
1 0.24089850000000002 0.28 0.02323699999999998 0.07500000000000001
1 0.24322249999999998 0.22 0.027884999999999965 0.065
1 0.2463205 0.44125000000000003 0.02943499999999999 0.06624999999999998
1 0.2474825 0.3521875 0.03175899999999998 0.07687500000000003
1 0.245546 0.6934374999999999 0.02323799999999998 0.05437499999999995
1 0.2846635 0.6793750000000001 0.037955000000000017 0.05124999999999991
1 0.284276 0.378125 0.034082 0.06374999999999997
1 0.283501 0.3046875 0.02323799999999998 0.05312499999999998
1 0.283501 0.4475 0.02323799999999998 0.05125000000000002
1 0.282339 0.236875 0.013168000000000013 0.05125000000000002
1 0.289698 0.6071875 0.027886000000000022 0.05312500000000009
1 0.2865995 0.5165625 0.017040999999999973 0.049375
1 0.3164215 0.3875 0.025561 0.05125000000000002
1 0.32377999999999996 0.455 0.027886000000000022 0.04249999999999998
1 0.322618 0.261875 0.016266000000000003 0.05250000000000002
1 0.322618 0.515625 0.016266000000000003 0.04125000000000001
1 0.32610399999999995 0.665 0.02323799999999998 0.04625000000000001
1 0.3268785 0.3284375 0.021689000000000014 0.05312499999999998
1 0.33230050000000005 0.604375 0.02788500000000005 0.0475000000000001
1 0.35244000000000003 0.3371875 0.034082 0.05312500000000003
1 0.3532145 0.2825 0.027884999999999993 0.04250000000000004
1 0.35553799999999997 0.45687500000000003 0.023238000000000036 0.04624999999999996
1 0.355151 0.3978125 0.014718000000000009 0.05812499999999998
1 0.35941100000000004 0.5934375000000001 0.023238000000000036 0.03937500000000005
1 0.35747450000000003 0.65375 0.014717000000000036 0.03749999999999998
1 0.3597985 0.518125 0.014717000000000036 0.036250000000000004
1 0.3714175 0.30375 0.025561 0.03125
1 0.378776 0.4653125 0.018589999999999995 0.03937499999999999
1 0.379938 0.3540625 0.020913999999999988 0.03937500000000005
1 0.379938 0.40875 0.020913999999999988 0.04249999999999998
1 0.3795505 0.6515625 0.017040999999999973 0.03937500000000005
1 0.38187449999999995 0.5209375 0.017040999999999973 0.030625000000000013
1 0.392332 0.5931249999999999 0.020913999999999988 0.04625000000000001
1 0.40395050000000005 0.5190625 0.019364999999999966 0.026874999999999982
1 0.40317600000000003 0.47281249999999997 0.008520000000000028 0.044375
1 0.4051125 0.421875 0.012392999999999986 0.05125000000000002
1 0.408598 0.641875 0.014718000000000009 0.04125000000000001
1 0.4113095 0.5862499999999999 0.017040999999999973 0.032500000000000084
1 0.4082105 0.364375 0.006196999999999953 0.04249999999999998
1 0.4093725 0.3140625 0.008520999999999945 0.04062499999999997
1 0.4233155 0.3746875 0.01471699999999998 0.04312499999999997
1 0.4244775 0.32875 0.017040999999999973 0.01874999999999999
1 0.4271885 0.4284375 0.014717000000000036 0.030624999999999958
1 0.42835049999999997 0.4765625 0.01704100000000003 0.030625000000000013
1 0.4275755 0.5240625 0.010844999999999994 0.034375000000000044
1 0.42835000000000006 0.591875 0.012394000000000016 0.03249999999999997
1 0.43067400000000006 0.6328125 0.012394000000000016 0.03562500000000002
1 0.898141 0.871875 0.20216800000000001 0.13124999999999998
1 0.8202944999999999 0.3884375 0.02943499999999999 0.029374999999999984
1 0.9043375 0.5678125 0.18977500000000005 0.11812499999999992
1 0.9128580000000001 0.7034375 0.17273400000000005 0.09937499999999999
1 0.855151 0.3821875 0.035632 0.020625000000000004
