1 0.19343749999999998 0.7854169999999999 0.17812499999999998 0.22750000000000004
1 0.229375 0.3408335 0.03125 0.12333300000000003
1 0.2571875 0.20750000000000002 0.013124999999999998 0.05000000000000002
1 0.2746875 0.7475 0.02062499999999995 0.10999999999999999
1 0.2790625 0.5475 0.01937500000000003 0.123334
1 0.28531249999999997 0.365 0.023125000000000007 0.12
1 0.28218750000000004 0.22416650000000002 0.011875000000000024 0.05166699999999999
1 0.303125 0.2333335 0.00874999999999998 0.046666999999999986
1 0.3184375 0.562083 0.020625000000000004 0.11250000000000004
1 0.47625 0.62875 0.03125 0.08583399999999997
1 0.5525 0.8058335 0.0625 0.11333300000000002
1 0.5803125 0.8091665 0.07062499999999994 0.10333300000000001
1 0.5640624999999999 0.6320830000000001 0.010624999999999996 0.07250000000000001
1 0.5665625000000001 0.49791650000000004 0.008125000000000049 0.07583299999999998
1 0.5775 0.634583 0.008750000000000036 0.07750000000000001
1 0.5878125 0.6412500000000001 0.014375000000000027 0.0675
1 0.6096874999999999 0.6841665 0.016875000000000084 0.046667000000000014
1 0.6365624999999999 0.8016665 0.04937500000000006 0.06666699999999992
1 0.665 0.8025000000000001 0.036250000000000004 0.068334
1 0.6634374999999999 0.6854165 0.020625000000000004 0.04416700000000007
1 0.7390625 0.8008335 0.04312499999999997 0.04166700000000001
