1 0.0134375 0.6777985 0.018125 0.03480700000000003
1 0.0165625 0.7568199999999999 0.016875 0.031043999999999957
1 0.0534375 0.7126055 0.020625000000000004 0.03480700000000003
1 0.644375 0.6759175 0.012499999999999956 0.03480699999999992
1 0.645625 0.724365 0.006250000000000089 0.03386600000000006
1 0.663125 0.676858 0.0050000000000000044 0.040452000000000043
1 0.6637500000000001 0.729539 0.006249999999999978 0.03668799999999994
1 0.6771875 0.7361245000000001 0.008125000000000049 0.042333000000000065
1 0.6781250000000001 0.680621 0.003750000000000031 0.029162000000000018
1 0.6924999999999999 0.7427095 0.0050000000000000044 0.040451000000000015
1 0.6937500000000001 0.6857949999999999 0.0050000000000000044 0.030104000000000016
1 0.7075 0.746472 0.003750000000000031 0.044213999999999976
1 0.7193750000000001 0.7530575 0.0050000000000000044 0.03480699999999992
