1 0.1875 0.32457800000000003 0.04625000000000001 0.14821800000000002
1 0.188125 0.148218 0.04500000000000001 0.08442799999999999
1 0.2525 0.3302065 0.04749999999999999 0.144465
1 0.255 0.1575985 0.05000000000000002 0.073171
1 0.32406250000000003 0.1566605 0.044375 0.06754299999999999
1 0.32875 0.324578 0.04625000000000001 0.15197
1 0.3925 0.1580675 0.04625000000000001 0.060974999999999994
1 0.393125 0.3330205 0.04500000000000004 0.146341
1 0.463125 0.3339585 0.04375000000000001 0.14071299999999998
1 0.46375 0.159006 0.04500000000000004 0.06285199999999999
1 0.53375 0.16182 0.04874999999999996 0.06472800000000001
1 0.538125 0.33395899999999995 0.04500000000000004 0.15197
1 0.595 0.159944 0.04625000000000001 0.06847999999999999
