1 0.01983 0.0796875 0.03966 0.025624999999999995
1 0.029273000000000004 0.026874999999999996 0.041548 0.032499999999999994
1 0.059018 0.49874999999999997 0.038716 0.06999999999999995
1 0.07459899999999998 0.410625 0.033993999999999996 0.05499999999999999
1 0.096317 0.32406250000000003 0.047214000000000006 0.06312500000000004
1 0.10245500000000002 0.24375 0.038716 0.06
1 0.1166195 0.16375 0.031161000000000008 0.04625000000000001
1 0.13361649999999997 0.525625 0.05382500000000001 0.04625000000000001
1 0.146837 0.3628125 0.059489999999999994 0.05437500000000001
1 0.1312555 0.09968750000000001 0.02266299999999999 0.034375
1 0.1425875 0.4453125 0.035883 0.04937499999999995
1 0.1468365 0.050937500000000004 0.044381000000000004 0.035625000000000004
1 0.161945 0.2925 0.044382000000000005 0.05125000000000002
1 0.1789425 0.2225 0.03116099999999999 0.04749999999999999
1 0.20349399999999998 0.553125 0.044382000000000005 0.050000000000000044
1 0.21104799999999999 0.4096875 0.033049999999999996 0.04562499999999997
1 0.22285149999999998 0.3353125 0.035883 0.044375
1 0.23182250000000001 0.273125 0.03871500000000003 0.04249999999999998
1 0.7502360000000001 0.0278125 0.03871599999999997 0.054375
1 0.7610954999999999 0.0996875 0.04343700000000006 0.048125
1 0.7828134999999999 0.1834375 0.06232300000000002 0.05812499999999998
1 0.7880075 0.27375 0.06137899999999997 0.06125
1 0.8120869999999999 0.36812500000000004 0.073654 0.06124999999999997
1 0.8073655000000001 0.025312499999999998 0.049103000000000015 0.035625
1 0.8550519999999999 0.1740625 0.06137800000000004 0.053125000000000006
1 0.8729935 0.26625 0.06704500000000002 0.060000000000000026
1 0.901794 0.37031250000000004 0.071766 0.05937500000000001
