1 0.088125 0.17499999999999996 0.07749999999999999 0.11833399999999998
1 0.0703125 0.915833 0.09937499999999999 0.15999999999999992
1 0.0753125 0.7629164999999999 0.095625 0.08083299999999993
1 0.0765625 0.647917 0.093125 0.08250000000000002
1 0.0796875 0.5370835 0.09437499999999999 0.08083299999999999
1 0.0815625 0.4270835 0.09562499999999999 0.08416699999999999
1 0.0846875 0.31124999999999997 0.09187499999999998 0.08083400000000002
1 0.18875 0.7770834999999999 0.07 0.08583299999999994
1 0.19125 0.6670835 0.07250000000000001 0.089167
1 0.19375 0.5533335 0.07 0.08666699999999994
1 0.195 0.446667 0.07250000000000001 0.09000000000000002
1 0.1965625 0.3345835 0.06937500000000002 0.08583299999999999
1 0.1990625 0.21250000000000002 0.06937500000000002 0.12000000000000004
1 0.2909375 0.7929170000000001 0.05687500000000001 0.08250000000000002
1 0.29781250000000004 0.3666665 0.05312500000000003 0.088333
1 0.2984375 0.25875000000000004 0.046875 0.08583400000000002
1 0.36624999999999996 0.8112499999999999 0.04999999999999999 0.07750000000000001
1 0.3684375 0.7045835 0.05187499999999995 0.07583300000000004
1 0.3715625 0.10999999999999999 0.05312500000000003 0.08833399999999998
1 0.3715625 0.2870835 0.050624999999999976 0.08416699999999999
1 0.4359375 0.8254164999999999 0.050624999999999976 0.07916699999999999
1 0.4371875 0.7220835 0.05062500000000003 0.07916699999999999
1 0.440625 0.3183335 0.05125000000000002 0.08166699999999999
1 0.4509375 0.09500000000000001 0.05437500000000001 0.09999999999999999
1 0.5037499999999999 0.7387499999999999 0.04874999999999996 0.07750000000000001
1 0.5037499999999999 0.8395830000000001 0.04874999999999996 0.07250000000000001
1 0.5309375000000001 0.1875 0.05437499999999995 0.08500000000000002
1 0.5334375 0.07750000000000001 0.059374999999999956 0.10500000000000002
1 0.5671875 0.8554165 0.046875 0.07416699999999998
1 0.5690625 0.7566665 0.04562500000000003 0.07166700000000004
1 0.6153125 0.060833000000000005 0.05812499999999998 0.10000000000000002
1 0.6171875 0.17625000000000002 0.05812499999999998 0.08249999999999999
1 0.6290625 0.86875 0.046875 0.06583399999999995
1 0.630625 0.7712499999999999 0.03875000000000006 0.07083400000000006
1 0.69 0.78875 0.04375000000000007 0.07083399999999995
1 0.7053125 0.15958350000000002 0.059374999999999956 0.08416700000000003
1 0.886875 0.1270835 0.06374999999999997 0.09083299999999998
1 0.886875 0.47000000000000003 0.06374999999999997 0.08833400000000002
1 0.888125 0.8287499999999999 0.06625000000000003 0.08583399999999997
1 0.8875 0.24 0.0625 0.08999999999999997
1 0.8875 0.35708300000000004 0.0625 0.09249999999999997
1 0.888125 0.5895834999999999 0.06375000000000008 0.08583299999999994
1 0.888125 0.7075 0.06375000000000008 0.09166600000000003
1 0.8915625 0.9479164999999999 0.06437499999999996 0.08583299999999994
