1 0.1765625 0.7195835 0.053125000000000006 0.13083299999999998
1 0.1640625 0.2175 0.02437499999999998 0.020000000000000018
1 0.209375 0.48791650000000003 0.09000000000000002 0.08083300000000004
1 0.21437499999999998 0.35125 0.07749999999999999 0.07916599999999996
1 0.246875 0.720417 0.0625 0.13249999999999995
1 0.2290625 0.1829165 0.018125000000000002 0.024166999999999994
1 0.2640625 0.257083 0.03562499999999999 0.027499999999999997
1 0.301875 0.7275 0.03500000000000003 0.11499999999999999
1 0.33968750000000003 0.5154170000000001 0.070625 0.07250000000000001
1 0.346875 0.3970835 0.07374999999999998 0.090833
1 0.37375 0.2991665 0.03375 0.036667000000000005
1 0.4165625 0.2604165 0.015625 0.024167000000000022
1 0.45 0.5437500000000001 0.0675 0.0675
1 0.458125 0.4304165 0.06625000000000003 0.07583299999999998
1 0.4446875 0.330417 0.023125000000000007 0.02250000000000002
1 0.51875 0.3541665 0.04375000000000001 0.053332999999999964
1 0.5421875 0.45249999999999996 0.05812499999999998 0.07
1 0.5428125 0.5604165 0.05687500000000001 0.06916699999999998
1 0.5621875000000001 0.327083 0.013124999999999942 0.012500000000000011
1 0.6000000000000001 0.38625 0.036250000000000004 0.04083399999999998
1 0.6040625 0.34416650000000004 0.014374999999999916 0.018332999999999988
1 0.62 0.475833 0.04499999999999993 0.05500000000000005
1 0.6128125 0.75 0.01937500000000003 0.05833400000000011
1 0.6296875 0.572917 0.04937500000000006 0.0675
1 0.6440625 0.7475 0.01937500000000003 0.053334000000000104
1 0.678125 0.41 0.030000000000000027 0.051666000000000045
1 0.6721874999999999 0.7475 0.016875000000000084 0.053334000000000104
1 0.68625 0.49666649999999996 0.04125000000000001 0.05166699999999996
1 0.693125 0.5925 0.043749999999999956 0.05166599999999999
1 0.7009375 0.7483335000000001 0.014375000000000027 0.05166700000000002
1 0.7084375 0.389583 0.014374999999999916 0.017500000000000016
1 0.7381249999999999 0.439583 0.03375000000000006 0.04749999999999999
1 0.7490625 0.6016665 0.03437499999999993 0.04833299999999996
1 0.7525 0.5187499999999999 0.036250000000000004 0.06250000000000006
1 0.7453125 0.75 0.010624999999999996 0.0483340000000001
1 0.7665625 0.7516665000000001 0.016874999999999973 0.05166700000000002
1 0.7887500000000001 0.7529165 0.01375000000000004 0.04583300000000001
1 0.798125 0.5308335 0.02749999999999997 0.03833300000000006
1 0.80375 0.6125000000000002 0.03874999999999995 0.043333999999999984
1 0.8021875 0.46875 0.018125000000000058 0.01749999999999996
1 0.8125 0.7508335 0.012499999999999956 0.046667000000000014
1 0.829375 0.7512500000000001 0.012499999999999956 0.04249999999999998
1 0.8371875 0.48125 0.020625000000000004 0.02083400000000002
1 0.8421875 0.54375 0.026874999999999982 0.04249999999999998
1 0.8525 0.62125 0.030000000000000027 0.04583400000000004
1 0.8878125 0.6341665 0.023125000000000062 0.03833300000000006
1 0.8878124999999999 0.5583330000000001 0.020625000000000004 0.04500000000000004
1 0.9309375 0.62125 0.020625000000000004 0.04249999999999998
1 0.9384375 0.6900000000000001 0.015625 0.039999999999999925
1 0.9425 0.7624999999999998 0.014999999999999902 0.033334000000000086
1 0.9565625 0.6270835 0.010624999999999996 0.030833
1 0.960625 0.6970834999999999 0.010000000000000009 0.035833000000000004
1 0.9650000000000001 0.7624999999999998 0.006249999999999978 0.033334000000000086
1 0.9728125000000001 0.57625 0.011874999999999969 0.03249999999999997
1 0.9940625000000001 0.5812499999999999 0.010624999999999996 0.029165999999999914
