1 0.6658855 0.714375 0.11902499999999992 0.09875
1 0.1968135 0.448125 0.06185499999999999 0.03749999999999998
1 0.264292 0.3934375 0.06373000000000001 0.024375000000000036
1 0.2914715 0.4396875 0.07122700000000004 0.03437499999999999
1 0.341612 0.3815625 0.04404800000000003 0.01687500000000003
1 0.39643849999999997 0.47375 0.07122699999999998 0.03749999999999998
1 0.42736650000000004 0.564375 0.06185499999999999 0.06125000000000003
1 0.44001850000000003 0.410625 0.04592299999999999 0.04125000000000001
1 0.4770385 0.46843749999999995 0.06935300000000005 0.044375
1 0.4709465 0.37125 0.05154700000000001 0.03125
1 0.5042175 0.4078125 0.06185499999999999 0.03562499999999996
1 0.5243675 0.361875 0.045922999999999936 0.022499999999999964
1 0.6401125 0.3796875 0.05623299999999998 0.030625000000000013
1 0.6504215 0.545625 0.076851 0.07499999999999996
1 0.7474225 0.37468749999999995 0.057169000000000025 0.03437499999999999
1 0.7792880000000001 0.4396875 0.059043999999999985 0.044375
1 0.889878 0.6993750000000001 0.13027200000000005 0.07874999999999999
