0 0.16064453125 0.6332357247437774 0.0419921875 0.17715959004392387
1 0.50439453125 0.12152269399707175 0.0419921875 0.10248901903367497
1 0.328125 0.08052708638360176 0.05859375 0.12005856515373353
1 0.63037109375 0.1698389458272328 0.0400390625 0.09663250366032211
1 0.7109375 0.18887262079062958 0.0390625 0.08199121522693997
1 0.10595703125 0.2650073206442167 0.0654296875 0.14348462664714495
1 0.26416015625 0.2869692532942899 0.0556640625 0.14055636896046853
1 0.384765625 0.308199121522694 0.048828125 0.12152269399707175
1 0.509765625 0.33455344070278187 0.044921875 0.11859443631039532
1 0.6298828125 0.3579795021961933 0.044921875 0.10688140556368961
1 0.74169921875 0.376281112737921 0.0341796875 0.10248901903367497
