1 0.21281250000000002 0.3348835 0.021875000000000006 0.09302299999999997
1 0.259375 0.208721 0.04125000000000004 0.054652000000000006
1 0.3146875 0.333721 0.030625000000000013 0.08139600000000002
1 0.6584375 0.3476745 0.014375000000000027 0.06279100000000004
1 0.6634375 0.4848835 0.01937499999999992 0.07441900000000001
1 0.6853125 0.482558 0.024375000000000036 0.07441799999999998
1 0.6840625 0.3343025 0.016874999999999973 0.06395300000000004
1 0.7165625 0.47093050000000003 0.023125000000000062 0.08372099999999999
1 0.718125 0.32267450000000003 0.01750000000000007 0.06860499999999997
1 0.7424999999999999 0.332558 0.015000000000000013 0.07907000000000003
