1 0.128268 0.4199345 0.01143799999999999 0.032679000000000014
1 0.14460800000000001 0.488562 0.017974000000000018 0.06862800000000002
1 0.14215699999999998 0.339869 0.009804000000000007 0.04248400000000002
1 0.145425 0.5767975000000001 0.01634000000000002 0.07189499999999993
1 0.14869300000000002 0.40359500000000004 0.009804000000000007 0.04248400000000002
1 0.16013100000000002 0.27859500000000004 0.016339999999999993 0.04085
1 0.169935 0.478758 0.022876000000000007 0.07843200000000006
1 0.171569 0.5718955 0.019608000000000014 0.05882300000000007
1 0.16830099999999998 0.386438 0.009804000000000007 0.05718999999999996
1 0.1928105 0.251634 0.016338999999999992 0.05228800000000003
1 0.20261400000000002 0.468954 0.019607999999999987 0.06536000000000003
1 0.198529 0.5580065 0.00490199999999999 0.06372500000000003
1 0.20098 0.374183 0.009804000000000007 0.052288
1 0.208333 0.2900325 0.011438000000000004 0.05392100000000005
1 0.223039 0.226307 0.011437999999999976 0.05065400000000003
1 0.227124 0.357843 0.019607999999999987 0.06209199999999998
1 0.231209 0.45179749999999996 0.01797399999999999 0.06699300000000002
1 0.23284300000000002 0.5563724999999999 0.02124200000000001 0.06372499999999992
1 0.24183 0.267157 0.016339999999999993 0.05719000000000002
1 0.25490199999999996 0.2050655 0.016339999999999966 0.05718900000000002
1 0.263072 0.4354575 0.016339999999999966 0.07026100000000002
1 0.263889 0.33578450000000004 0.014705999999999997 0.050653000000000004
1 0.267974 0.5392155000000001 0.013071999999999973 0.06535900000000006
1 0.271242 0.245915 0.013072000000000028 0.04738600000000001
1 0.286765 0.1723855 0.014705999999999997 0.050653000000000004
1 0.304739 0.4199345 0.011438000000000004 0.065359
1 0.305556 0.5351305 0.009804000000000035 0.07026100000000002
1 0.33251600000000003 0.133987 0.02124200000000004 0.052288
1 0.337418 0.4068625 0.011438000000000004 0.065359
1 0.371732 0.4068625 0.02777799999999997 0.07189499999999999
1 0.381536 0.22140500000000002 0.03431400000000001 0.05718999999999999
1 0.38480400000000003 0.2957515 0.03431400000000001 0.045750999999999986
1 0.38317 0.131536 0.02777799999999997 0.060458
1 0.406863 0.4068625 0.013072000000000028 0.065359
1 0.4542485 0.131536 0.039215 0.06372599999999999
1 0.46732 0.3006535 0.03594799999999998 0.058823000000000014
1 0.473856 0.5302285 0.042483999999999966 0.07026099999999996
1 0.473856 0.4150325 0.029411999999999994 0.07189499999999999
1 0.5473855000000001 0.156863 0.032679000000000014 0.055555999999999994
1 0.5580065000000001 0.231209 0.040849000000000024 0.053922
1 0.5678105 0.3251635 0.02777699999999994 0.06209100000000001
1 0.5702615 0.4264705 0.029410999999999965 0.065359
1 0.6339870000000001 0.1813725 0.03594799999999998 0.04901900000000001
1 0.653595 0.33169950000000004 0.029411999999999994 0.055554999999999966
1 0.656863 0.44117649999999997 0.03268000000000004 0.065359
1 0.716503 0.2050655 0.031045999999999907 0.04738499999999998
1 0.732026 0.269608 0.029411999999999994 0.045752000000000015
1 0.73366 0.35539200000000004 0.022876000000000007 0.047385999999999984
1 0.736111 0.4477125 0.021241999999999983 0.05228699999999997
1 0.771242 0.21813700000000003 0.029411999999999994 0.053922
1 0.7867649999999999 0.285948 0.031046000000000018 0.04902000000000001
1 0.792484 0.36111099999999996 0.01960799999999996 0.055555999999999994
