1 0.10642850000000001 0.40471799999999997 0.045715000000000006 0.119334
1 0.1089285 0.1184085 0.05071499999999998 0.09620699999999999
1 0.18214249999999998 0.4051805 0.01714299999999999 0.14431099999999997
1 0.185357 0.1276595 0.010714000000000001 0.088807
1 0.3275 0.43061999999999995 0.06785799999999997 0.143386
1 0.33214299999999997 0.6877890000000001 0.06428600000000001 0.154486
1 0.330714 0.17021250000000002 0.03428600000000004 0.06290500000000002
1 0.5435715000000001 0.691952 0.032857000000000025 0.12766
1 0.5910715 0.42090649999999996 0.05642899999999995 0.02405099999999999
1 0.615 0.702128 0.05857200000000007 0.13136000000000003
1 0.671786 0.6979650000000001 0.02499999999999991 0.1156339999999999
1 0.789286 0.69889 0.035714000000000024 0.11008400000000007
