1 0.018125 0.45981299999999997 0.03625 0.07289799999999996
1 0.0925 0.5658880000000001 0.010000000000000009 0.07009399999999999
1 0.11156250000000001 0.569159 0.02062499999999999 0.08037400000000006
1 0.1203125 0.42149499999999995 0.016875 0.080374
1 0.141875 0.38598150000000003 0.016249999999999987 0.05233700000000002
1 0.2371875 0.5415884999999999 0.03312499999999999 0.11121499999999994
1 0.2415625 0.35513999999999996 0.02687500000000001 0.10093399999999997
1 0.2865625 0.545794 0.03687499999999999 0.10654199999999997
1 0.2878125 0.361215 0.03687500000000005 0.10187
1 0.3225 0.36682249999999994 0.013749999999999984 0.09065500000000004
1 0.323125 0.548598 0.015000000000000013 0.10093399999999997
1 0.3934375 0.38504700000000003 0.028124999999999956 0.08411200000000002
1 0.474375 0.401869 0.022499999999999964 0.08785000000000004
1 0.4759375 0.55514 0.023125000000000007 0.06542000000000003
1 0.5121875 0.40373800000000004 0.026874999999999982 0.08411200000000002
1 0.5121875 0.5523365 0.021874999999999978 0.07476700000000003
1 0.5684374999999999 0.563084 0.021874999999999978 0.07196199999999997
1 0.5684374999999999 0.42243 0.01937500000000003 0.07476600000000005
1 0.6265625 0.43177550000000003 0.02562500000000001 0.07850499999999999
1 0.6371875 0.5691585 0.020625000000000004 0.06915899999999997
1 0.6603125 0.43271050000000005 0.02562500000000001 0.07289699999999999
1 0.6659375 0.5574764999999999 0.016874999999999973 0.057008999999999976
1 0.6965625 0.446729 0.026874999999999982 0.07850400000000002
1 0.7409375 0.4588785 0.020625000000000004 0.06355099999999997
1 0.7490625 0.5612145000000001 0.021874999999999978 0.05327099999999996
1 0.7659374999999999 0.45981299999999997 0.016875000000000084 0.06541999999999998
1 0.7703125 0.5640185000000001 0.02312499999999995 0.058879000000000015
1 0.7884375 0.4700935 0.015625 0.056074999999999986
1 0.8221875000000001 0.4766355 0.01937500000000003 0.06168299999999993
1 0.8265625 0.576168 0.018124999999999947 0.04205599999999998
1 0.8421875000000001 0.4799065 0.010624999999999996 0.05140100000000003
1 0.8453125 0.5714950000000001 0.016874999999999973 0.05140199999999995
1 0.859375 0.48271049999999993 0.011249999999999982 0.057008999999999976
1 0.888125 0.496729 0.012500000000000067 0.04766400000000004
1 0.8940625 0.5841120000000001 0.009375000000000022 0.050468000000000075
1 0.9021874999999999 0.498598 0.013124999999999942 0.04766399999999992
1 0.913125 0.498598 0.006249999999999978 0.04766399999999992
