1 0.3459375 0.59625 0.06687500000000002 0.07750000000000001
1 0.3446875 0.27208299999999996 0.05687500000000001 0.08249999999999996
1 0.34843749999999996 0.42708299999999993 0.05437500000000001 0.09250000000000003
1 0.3509375 0.34625 0.051875000000000004 0.06916599999999995
1 0.3534375 0.5054165 0.05687500000000001 0.07583299999999993
1 0.40531249999999996 0.5837499999999999 0.06687499999999996 0.08083400000000007
1 0.4078125 0.34416700000000006 0.06187499999999996 0.08999999999999997
1 0.4084375 0.418333 0.055625000000000036 0.08999999999999997
1 0.4128125 0.26166649999999997 0.05687499999999995 0.068333
1 0.41500000000000004 0.49374999999999997 0.04999999999999999 0.07583400000000001
1 0.4715625 0.3304165 0.05812499999999998 0.07583300000000004
1 0.46843749999999995 0.252917 0.049375 0.07250000000000001
1 0.47343749999999996 0.40875 0.05687499999999995 0.08750000000000002
1 0.4715625 0.5879165000000001 0.05062500000000003 0.07583299999999993
1 0.475 0.4941665 0.053749999999999964 0.09166700000000005
1 0.5349999999999999 0.57875 0.06625000000000003 0.08750000000000002
1 0.53375 0.48875 0.061249999999999916 0.07749999999999996
1 0.534375 0.24375000000000002 0.05999999999999994 0.07416600000000001
1 0.53375 0.40541650000000007 0.05500000000000005 0.08416699999999999
1 0.531875 0.322083 0.04875000000000007 0.08250000000000002
1 0.589375 0.316667 0.050000000000000044 0.09000000000000002
1 0.6028125 0.49208349999999995 0.07187500000000002 0.07583300000000004
1 0.59625 0.24875000000000003 0.04625000000000001 0.08416600000000002
1 0.6053124999999999 0.40958300000000003 0.06437499999999996 0.08249999999999996
1 0.6059375 0.5745835 0.06062499999999993 0.07583300000000004
1 0.6265624999999999 0.33416650000000003 0.021874999999999978 0.06333300000000003
1 0.6421874999999999 0.585417 0.03187499999999999 0.07750000000000001
1 0.645625 0.42375000000000007 0.03875000000000006 0.08750000000000002
1 0.6475 0.3545835 0.04249999999999998 0.08083300000000004
1 0.6453125 0.2641665 0.028125000000000067 0.096667
1 0.6459375 0.5004164999999999 0.021874999999999978 0.08583299999999994
