1 0.0425 0.7864885 0.08125 0.16013299999999997
1 0.06625 0.5742284999999999 0.08499999999999999 0.14762299999999995
1 0.130625 0.7856550000000001 0.0775 0.165138
1 0.141875 0.354462 0.07250000000000001 0.12343599999999999
1 0.158125 0.5646375 0.0775 0.14345300000000005
1 0.2553125 0.7781485 0.073125 0.173477
1 0.27375 0.554629 0.07750000000000001 0.16013400000000005
1 0.35343749999999996 0.7739779999999999 0.075625 0.1751459999999999
1 0.35875 0.31401150000000005 0.07 0.132611
1 0.3728125 0.5412845000000001 0.08437499999999998 0.16513699999999998
1 0.4465625 0.108007 0.02812500000000001 0.12093400000000003
1 0.499375 0.7723099999999999 0.07125000000000004 0.1718099999999999
1 0.5115624999999999 0.5337785 0.08562499999999995 0.15346099999999996
1 0.49624999999999997 0.0963305 0.03249999999999997 0.130943
1 0.5628124999999999 0.288991 0.06937500000000008 0.130942
1 0.6153124999999999 0.513761 0.09437499999999999 0.17848200000000003
1 0.61625 0.761885 0.08499999999999996 0.19265999999999994
1 0.7765625 0.510425 0.09437499999999999 0.17848200000000003
1 0.7721875 0.762719 0.083125 0.18765599999999993
1 0.835 0.266889 0.08499999999999996 0.15179399999999998
1 0.8953125 0.496664 0.09437499999999999 0.17931600000000003
1 0.89625 0.7556295 0.08250000000000002 0.201835
