1 0.0263155 0.558 0.021237000000000002 0.029334000000000082
1 0.0286245 0.4183335 0.022160999999999997 0.027332999999999996
1 0.0295475 0.4536665 0.024006999999999994 0.028667000000000054
1 0.031856 0.490333 0.028624 0.03400000000000003
1 0.0309325 0.5236665 0.021237 0.028666999999999998
1 0.0323175 0.593 0.024007 0.020665999999999962
1 0.05494000000000001 0.552 0.021238000000000007 0.027999999999999914
1 0.0558635 0.595 0.019391000000000005 0.02733399999999997
1 0.05678650000000001 0.4456665 0.021237000000000006 0.02066699999999999
1 0.05817150000000001 0.405 0.024007 0.027334000000000025
1 0.05817150000000001 0.481 0.024007 0.028666000000000025
1 0.0595565 0.5186664999999999 0.021237 0.029332999999999942
1 0.0831025 0.43466649999999996 0.025855000000000003 0.029332999999999998
1 0.084026 0.398 0.024008000000000005 0.03466600000000003
1 0.086334 0.5553335 0.028623999999999997 0.030667
1 0.085411 0.4733335 0.021238000000000007 0.034667
1 0.08679600000000001 0.5913335 0.024008000000000005 0.030667
1 0.08818100000000001 0.5183335 0.021237999999999993 0.03933300000000001
1 0.11265 0.587 0.018468000000000012 0.03266599999999997
1 0.11403500000000001 0.5483335 0.012004000000000003 0.02733300000000005
1 0.1163435 0.469 0.016620999999999997 0.03266600000000003
1 0.1177285 0.386 0.019391000000000005 0.034665999999999975
1 0.121422 0.4253335 0.021237999999999993 0.030667
1 0.117267 0.5083335 0.009234000000000006 0.028666999999999998
1 0.13065549999999998 0.545 0.012003 0.02733399999999997
1 0.13296399999999997 0.38 0.011079999999999977 0.022665999999999964
1 0.134349 0.4656665 0.013850000000000001 0.028666999999999998
1 0.1352725 0.5876665 0.01569699999999999 0.02733300000000005
1 0.1338875 0.505 0.009232999999999991 0.026000000000000023
1 0.1481995 0.542667 0.013851000000000002 0.03200000000000003
1 0.149123 0.3723335 0.012004000000000015 0.027332999999999996
1 0.15281599999999998 0.4596665 0.013850000000000001 0.031333
1 0.151893 0.499 0.006464000000000025 0.02733399999999997
1 0.15420099999999998 0.589 0.011080000000000007 0.03266599999999997
1 0.16528149999999997 0.41200000000000003 0.03324100000000002 0.04133400000000004
1 0.16343500000000002 0.3663335 0.016619999999999996 0.028666999999999998
1 0.1680515 0.494 0.016620999999999997 0.030666000000000027
1 0.169437 0.5393330000000001 0.013850000000000001 0.03599999999999992
1 0.170822 0.4526665 0.016620000000000024 0.030667
1 0.1698985 0.5880000000000001 0.009232999999999991 0.034665999999999975
1 0.1745155 0.362 0.018466999999999983 0.034665999999999975
1 0.19113549999999999 0.535 0.018466999999999983 0.03400000000000003
1 0.191136 0.3586665 0.014774000000000008 0.030667
1 0.191136 0.4913335 0.014774000000000008 0.029332999999999998
1 0.2063715 0.398333 0.04524500000000001 0.038000000000000034
1 0.19575249999999997 0.44566649999999997 0.01477299999999998 0.027332999999999996
1 0.1971375 0.582 0.012002999999999986 0.02933399999999997
1 0.2063715 0.34933349999999996 0.021236999999999978 0.025332999999999994
1 0.21144949999999998 0.487 0.016621000000000025 0.03400000000000003
1 0.213758 0.535 0.012004000000000015 0.03400000000000003
1 0.21468149999999997 0.582 0.013851000000000002 0.03200000000000003
1 0.21606649999999997 0.4393335 0.016620999999999997 0.030667
1 0.21791300000000002 0.3433335 0.016619999999999996 0.034667
1 0.2539245 0.38033300000000003 0.049861000000000016 0.045999999999999985
1 0.24330549999999998 0.433 0.019390999999999964 0.03266599999999997
1 0.24330549999999998 0.481 0.013850999999999974 0.03933399999999998
1 0.244229 0.5313335 0.012003999999999987 0.030667
1 0.24653750000000002 0.334667 0.016621000000000025 0.02400000000000002
1 0.2562325 0.327 0.021237000000000006 0.03266599999999997
1 0.259926 0.42733299999999996 0.01939000000000002 0.023999999999999966
1 0.258541 0.529667 0.011080000000000033 0.03400000000000003
1 0.26084949999999996 0.478333 0.012002999999999986 0.03400000000000003
1 0.3097875 0.3596665 0.047090999999999994 0.03933299999999995
1 0.296399 0.521 0.011080000000000033 0.03400000000000003
1 0.297784 0.4216665 0.01385000000000003 0.02733300000000005
1 0.299169 0.31 0.016620000000000024 0.02933399999999997
1 0.3000925 0.469 0.01846700000000001 0.03533400000000003
1 0.31671299999999997 0.5213335 0.00923400000000002 0.03733300000000006
1 0.318098 0.46699999999999997 0.012004000000000015 0.039334000000000036
1 0.319021 0.303 0.01385000000000003 0.02866599999999997
1 0.319021 0.4153335 0.01385000000000003 0.030667
1 0.366574 0.341667 0.06648199999999999 0.05800000000000005
1 0.3485685 0.289333 0.01569699999999996 0.03600000000000003
1 0.352262 0.5720000000000001 0.023083999999999993 0.03733400000000009
1 0.3545705 0.4536665 0.01846700000000001 0.03933300000000001
1 0.3545705 0.516 0.01846700000000001 0.042665999999999926
1 0.3578025000000001 0.398667 0.021237000000000006 0.03600000000000003
1 0.3790395000000001 0.279 0.021237000000000006 0.039334000000000036
1 0.385503 0.392 0.02862399999999998 0.04266599999999998
1 0.3850415 0.452 0.024007 0.04266599999999998
1 0.3864265 0.5083335 0.021237000000000006 0.04466700000000001
1 0.39150500000000005 0.569 0.025853999999999985 0.03933400000000009
1 0.400739 0.2703335 0.025853999999999985 0.032667
1 0.42197599999999996 0.256667 0.025853999999999985 0.036000000000000004
1 0.4473685 0.31633350000000005 0.07109900000000002 0.05133300000000002
1 0.4270545 0.506667 0.021237000000000006 0.04799999999999999
1 0.429363 0.3783335 0.025854000000000044 0.05133300000000002
1 0.43028649999999996 0.569 0.024007 0.03933400000000009
1 0.4312099999999999 0.4436665 0.025853999999999985 0.04066700000000001
1 0.4501385000000001 0.25 0.021237000000000006 0.046665999999999985
1 0.46722099999999994 0.499 0.03139400000000003 0.04600000000000004
1 0.465836 0.435 0.02308400000000005 0.04733399999999999
1 0.468144 0.565667 0.01846800000000004 0.04600000000000004
1 0.470914 0.3726665 0.02400800000000003 0.049333000000000016
1 0.47645400000000004 0.23299999999999998 0.025853999999999985 0.04600000000000001
1 0.507387 0.22233350000000002 0.02123799999999998 0.03933299999999998
1 0.5143119999999999 0.4933335 0.03139399999999998 0.054666999999999966
1 0.5166204999999999 0.3596665 0.030471000000000026 0.04733299999999996
1 0.5180055 0.425667 0.033241000000000076 0.04999999999999999
1 0.517082 0.5606665 0.025853999999999933 0.046667000000000014
1 0.5457065 0.2803335 0.08310299999999993 0.04466700000000001
1 0.542936 0.2096665 0.03139400000000003 0.04466700000000001
1 0.5604805 0.487333 0.033240999999999965 0.06000000000000005
1 0.5618654999999999 0.41533299999999995 0.030471000000000026 0.055999999999999994
1 0.561865 0.5573334999999999 0.02677800000000008 0.04933299999999996
1 0.5641740000000001 0.3443335 0.025853999999999933 0.04466700000000001
1 0.5771005 0.1943335 0.033241000000000076 0.03933300000000001
1 0.6154200000000001 0.32866700000000004 0.03785800000000006 0.04799999999999999
1 0.6177285 0.4786665 0.04247500000000004 0.05333300000000002
1 0.6149585 0.405 0.033240999999999965 0.04999999999999999
1 0.6163435 0.5523335 0.036011000000000015 0.05666700000000002
1 0.6223455 0.17666700000000002 0.04247500000000004 0.048000000000000015
1 0.621884 0.25 0.03785799999999995 0.05466599999999999
1 0.6685135000000001 0.39333300000000004 0.03508699999999998 0.06
1 0.6685135 0.318 0.03139500000000006 0.05333399999999999
1 0.6708215 0.153667 0.036011000000000015 0.045999999999999985
1 0.6708215 0.5496665000000001 0.036011000000000015 0.055332999999999966
1 0.67313 0.235 0.03508800000000001 0.05133399999999999
1 0.67313 0.468333 0.03508800000000001 0.050000000000000044
1 0.738227 0.1576665 0.01939000000000002 0.044666999999999984
1 0.7479224999999999 0.39666650000000003 0.033240999999999965 0.05333300000000002
1 0.7493075000000001 0.5503335 0.036011000000000015 0.05666700000000002
1 0.7479224999999999 0.24333349999999998 0.027701000000000087 0.05466699999999999
1 0.7506925000000001 0.312 0.033241000000000076 0.04800000000000004
1 0.7506925000000001 0.471667 0.033241000000000076 0.050000000000000044
1 0.7622344999999999 0.1716665 0.019391000000000047 0.05133300000000002
1 0.7963985000000001 0.5573334999999999 0.030470999999999915 0.053332999999999964
1 0.7903970000000001 0.192 0.014774000000000067 0.043999999999999984
1 0.7987070000000002 0.4146665 0.03139400000000003 0.05466700000000002
1 0.7987070000000002 0.4863335 0.03139400000000003 0.047333000000000014
1 0.8000919999999999 0.2706665 0.02862399999999998 0.05466699999999999
1 0.8000919999999999 0.34199999999999997 0.02862399999999998 0.06
1 0.8060940000000001 0.203 0.016619999999999968 0.03933400000000001
1 0.82964 0.216 0.012004000000000015 0.043999999999999984
1 0.836565 0.4296665 0.025854000000000044 0.05133299999999996
1 0.83795 0.494 0.02862399999999998 0.04933399999999999
1 0.8402585 0.29800000000000004 0.02770099999999998 0.04799999999999999
1 0.8402585 0.364 0.02770099999999998 0.04933399999999999
1 0.8388734999999998 0.56 0.02123700000000006 0.04799999999999993
1 0.851339 0.23399999999999999 0.016619999999999968 0.046665999999999985
1 0.868883 0.2466665 0.014773999999999954 0.04133299999999998
1 0.874423 0.5006665 0.025853999999999933 0.04266700000000001
1 0.874423 0.566667 0.025853999999999933 0.04400000000000004
1 0.875808 0.377667 0.023083999999999993 0.045999999999999985
1 0.8781164999999999 0.31266649999999996 0.024007 0.05333300000000002
1 0.8781164999999999 0.4426665 0.024007 0.04266700000000001
1 0.8855029999999999 0.2553335 0.014773999999999954 0.03733300000000003
1 0.924746 0.5656665000000001 0.02123799999999998 0.02733299999999994
1 0.925669 0.481 0.023083999999999993 0.03266600000000003
1 0.923361 0.610333 0.014774000000000067 0.03400000000000003
1 0.9256694999999999 0.5246665 0.019391000000000047 0.034667
1 0.9256694999999999 0.6513335 0.019391000000000047 0.034667
1 0.976454 0.48 0.012004000000000015 0.023999999999999966
1 0.9778390000000001 0.519333 0.014774000000000067 0.02400000000000002
