1 0.0615625 0.821161 0.031875 0.09363200000000005
1 0.094375 0.673689 0.03375 0.06273400000000007
1 0.1 0.799157 0.042499999999999996 0.10767799999999994
1 0.1303125 0.6399815000000001 0.033125 0.07209699999999997
1 0.14500000000000002 0.775281 0.04500000000000001 0.11236
1 0.1615625 0.931648 0.049375 0.13108600000000004
1 0.174375 0.6132954999999999 0.044999999999999984 0.07677899999999993
1 0.19125 0.7542135 0.05499999999999999 0.11704099999999996
1 0.228125 0.569757 0.044999999999999984 0.09082400000000002
1 0.2609375 0.7167604999999999 0.06687499999999999 0.133895
1 0.2896875 0.517322 0.05562499999999998 0.10767800000000004
1 0.3209375 0.9021534999999999 0.08687499999999998 0.1938209999999999
1 0.3409375 0.6802435 0.080625 0.16198500000000005
1 0.3721875 0.44897000000000004 0.06437499999999996 0.10954999999999997
1 0.43562500000000004 0.8806179999999998 0.09625 0.20505600000000002
1 0.45875 0.625468 0.09875000000000006 0.20599199999999995
1 0.485 0.372191 0.06875000000000003 0.13951400000000003
1 0.6075 0.8455055000000001 0.11375000000000002 0.24531900000000006
1 0.6174999999999999 0.5458805 0.11124999999999996 0.24157299999999998
1 0.6240625 0.260768 0.08562499999999995 0.135768
1 0.888125 0.2879215 0.05999999999999994 0.19007500000000002
1 0.9303125 0.5777154999999999 0.07562500000000005 0.23970099999999997
1 0.971875 0.42977499999999996 0.04375000000000007 0.14794000000000002
