1 0.0424835 0.2102185 0.084967 0.049634999999999985
1 0.11764699999999999 0.4364965 0.10021799999999999 0.049634999999999985
1 0.120915 0.5138685000000001 0.09804000000000002 0.06423300000000004
1 0.1394335 0.2956205 0.06535899999999999 0.04233500000000001
1 0.151416 0.24014599999999997 0.07625199999999999 0.03941599999999998
1 0.1623095 0.189051 0.084967 0.04525600000000002
1 0.2298475 0.5058395 0.041395000000000015 0.06277299999999997
1 0.2396515 0.42554749999999997 0.061002999999999974 0.05401499999999998
1 0.2494555 0.360584 0.05010899999999998 0.05547400000000002
1 0.2538125 0.28102150000000004 0.05882299999999999 0.03065699999999999
1 0.2614375 0.2255475 0.05664500000000003 0.033576999999999996
1 0.2679735 0.1729925 0.04357300000000003 0.033576999999999996
1 0.336601 0.346715 0.03267999999999999 0.04233600000000004
1 0.33986900000000003 0.265693 0.03921599999999997 0.04087600000000002
1 0.3464055 0.20292 0.030501 0.040875999999999996
1 0.3540305 0.140876 0.03267899999999996 0.033575999999999995
1 0.38671000000000005 0.3452555 0.045752000000000015 0.04233500000000001
1 0.39106749999999996 0.26715300000000003 0.032679000000000014 0.03795600000000002
1 0.39978199999999997 0.208759 0.04575199999999996 0.03795599999999999
1 0.4030499999999999 0.150365 0.04792999999999997 0.03503600000000001
