1 0.1328125 0.46998100000000004 0.02562500000000001 0.06941799999999998
1 0.1584375 0.35365850000000004 0.06437499999999999 0.07879900000000001
1 0.2053125 0.24108849999999998 0.029375000000000012 0.03001899999999999
1 0.24406250000000002 0.2448405 0.02312499999999998 0.030019000000000018
1 0.2628125 0.47279550000000004 0.029375000000000012 0.09005699999999994
1 0.32875 0.4812385 0.028749999999999998 0.09568500000000003
1 0.3509375 0.329268 0.03187499999999999 0.084428
1 0.4684375 0.49577899999999997 0.015625 0.04408999999999996
1 0.5015625 0.35272050000000005 0.030624999999999958 0.06941900000000001
1 0.5009375 0.491088 0.014375000000000027 0.03846199999999994
1 0.5465625 0.517355 0.02562500000000001 0.04409000000000002
1 0.7009375 0.227486 0.024375000000000036 0.06472800000000004
1 0.7146875 0.500938 0.02562500000000001 0.08817999999999998
1 0.7106250000000001 0.3710135 0.012500000000000067 0.098499
1 0.7509375 0.5333025 0.01937500000000003 0.030957000000000016
1 0.7503125 0.35131300000000004 0.015625 0.04409000000000002
1 0.7515625 0.4075985 0.018124999999999947 0.04409100000000005
1 0.7509375 0.477955 0.014375000000000027 0.04221400000000003
1 0.7984375 0.4272985 0.016874999999999973 0.04971900000000001
1 0.7984375 0.5257975 0.016874999999999973 0.057223000000000024
1 0.8284374999999999 0.32364 0.02312499999999995 0.065666
1 0.8340624999999999 0.438086 0.021874999999999978 0.04502800000000001
1 0.83875 0.5361159999999999 0.014999999999999902 0.06285200000000002
1 0.870625 0.337242 0.015000000000000013 0.06097599999999997
1 0.8753124999999999 0.43902450000000004 0.016875000000000084 0.050657000000000015
1 0.8753124999999999 0.5323640000000001 0.014374999999999916 0.05910000000000004
1 0.9450000000000001 0.521576 0.01749999999999996 0.058161999999999936
1 0.9740625 0.5286115 0.026875000000000093 0.06285099999999999
