1 0.0854165 0.4375 0.070833 0.06374999999999997
1 0.0895835 0.33406250000000004 0.065833 0.05437500000000001
1 0.1320835 0.2434375 0.040832999999999994 0.044375
1 0.19000000000000003 0.3296875 0.03833399999999998 0.049375
1 0.225 0.24812499999999998 0.036666000000000004 0.046249999999999986
1 0.49791650000000004 0.7075 0.555833 0.5275
1 0.7570835000000001 0.2478125 0.03916699999999995 0.03937500000000002
1 0.7970835 0.325625 0.05916700000000008 0.057499999999999996
1 0.85875 0.241875 0.04083400000000004 0.04125000000000001
1 0.9133334999999999 0.43000000000000005 0.08166699999999993 0.065
1 0.9100000000000001 0.32718749999999996 0.061666 0.05812500000000004
