1 0.25656249999999997 0.7799245 0.03562499999999999 0.03487299999999993
1 0.2590625 0.83836 0.03562499999999999 0.034872000000000014
1 0.2590625 0.9062205000000001 0.03562499999999999 0.03864299999999998
1 0.2609375 0.9750235 0.03687499999999999 0.031102999999999992
1 0.3225 0.7073515 0.03500000000000003 0.04052699999999998
1 0.3225 0.7902925 0.03500000000000003 0.03864299999999998
1 0.3253125 0.8496700000000001 0.034375000000000044 0.034872000000000014
1 0.3259375 0.9797359999999999 0.03562500000000002 0.03675799999999996
1 0.3265625 0.916588 0.03437499999999999 0.03675799999999996
1 0.3853125 0.7959475 0.03187499999999999 0.03487300000000004
1 0.3859375 0.7167764999999999 0.030625000000000013 0.031102999999999992
1 0.3884375 0.8534405 0.033125000000000016 0.03864299999999998
1 0.3903125 0.9184729999999999 0.03187499999999999 0.03675800000000007
1 0.3921875 0.9797359999999999 0.033125000000000016 0.03675799999999996
1 0.4475 0.7243165 0.03375 0.03864299999999998
1 0.44937499999999997 0.8034875 0.034999999999999976 0.03487299999999993
1 0.45406250000000004 0.9222429999999999 0.033125000000000016 0.03675799999999996
1 0.4534375 0.8572104999999999 0.02937500000000004 0.03487299999999993
1 0.4553125 0.9863335 0.030625000000000013 0.025446999999999994
1 0.5421875 0.9802069999999998 0.018125000000000058 0.037699999999999956
1 0.8534375 0.727144 0.02562500000000001 0.03675800000000007
1 0.8596874999999999 0.7879360000000001 0.024374999999999925 0.047126
1 0.8640625 0.8487279999999999 0.02562500000000001 0.04429800000000006
1 0.8709374999999999 0.9184730000000001 0.03187499999999999 0.04052800000000001
1 0.9046875000000001 0.7375115 0.030625000000000013 0.03487299999999993
1 0.9065624999999999 0.8034875 0.024374999999999925 0.03487299999999993
1 0.9153125 0.8581529999999999 0.030625000000000013 0.04806799999999999
1 0.9196875 0.926013 0.026874999999999982 0.04052800000000001
