1 0.037500000000000006 0.8440624999999999 0.025000000000000005 0.016875000000000084
1 0.0879165 0.921875 0.084167 0.028750000000000053
1 0.11625 0.8587499999999999 0.0775 0.036250000000000004
1 0.14583349999999998 0.803125 0.073333 0.03374999999999995
1 0.3675 0.915 0.5033340000000001 0.125
1 0.147083 0.9271875 0.05249999999999999 0.025624999999999898
1 0.17583349999999998 0.7525 0.068333 0.032500000000000084
1 0.38833350000000005 0.8321875000000001 0.47166700000000006 0.13312500000000005
1 0.18375 0.8584375 0.05249999999999999 0.02562500000000001
1 0.2004165 0.7059375 0.064167 0.030624999999999902
1 0.22749999999999995 0.700625 0.111666 0.0412499999999999
1 0.40625 0.7621875 0.44416600000000006 0.13812500000000005
1 0.2120835 0.7921875 0.04083300000000001 0.02562500000000001
1 0.424583 0.7015625000000001 0.40750000000000003 0.13687499999999997
1 0.2416665 0.735625 0.031667 0.015000000000000013
1 0.435 0.6503125000000001 0.391666 0.14312500000000006
1 0.4437499999999999 0.6021875 0.374166 0.14187499999999997
1 0.28125 0.6459375 0.03249999999999997 0.016875000000000084
1 0.45541649999999995 0.56375 0.35083299999999995 0.14375
1 0.8829165 0.45218749999999996 0.03916699999999995 0.021875000000000033
1 0.9054169999999999 0.490625 0.04749999999999999 0.023749999999999938
