1 0.057812499999999996 0.49 0.071875 0.06499999999999995
1 0.130625 0.8016665000000001 0.07375000000000001 0.08333299999999999
1 0.15125 0.6604165000000001 0.07874999999999999 0.07583299999999993
1 0.164375 0.5866665000000001 0.07874999999999999 0.06166700000000003
1 0.19 0.4825 0.06874999999999998 0.056665999999999994
1 0.31937499999999996 0.6595835 0.06875000000000003 0.07083299999999992
1 0.3259375 0.5770835000000001 0.06312499999999999 0.07083300000000003
1 0.3340625 0.45541649999999995 0.06187500000000001 0.08583300000000005
1 0.4925 0.569167 0.07625000000000004 0.06499999999999995
1 0.49187499999999995 0.4420835 0.07249999999999995 0.07583299999999998
1 0.495 0.64875 0.07875000000000004 0.07583400000000007
1 0.656875 0.432917 0.08000000000000007 0.08750000000000002
1 0.670625 0.55625 0.08125000000000004 0.07250000000000001
1 0.680625 0.6320835000000001 0.07750000000000001 0.089167
1 0.8146875 0.413333 0.08062499999999995 0.08999999999999997
1 0.848125 0.54125 0.08750000000000002 0.07416599999999995
1 0.865 0.6154164999999999 0.08749999999999991 0.07083300000000003
1 0.88 0.1733335 0.02750000000000008 0.061667
1 0.9384375 0.31958349999999996 0.05687500000000001 0.08583299999999999
1 0.98 0.44875 0.03875000000000006 0.08250000000000002
