0 0.517578125 0.57373046875 0.12369791666666666 0.2314453125
0 0.044921875 0.75927734375 0.08463541666666666 0.1025390625
1 0.08138020833333333 0.31298828125 0.07682291666666666 0.1220703125
1 0.326171875 0.2919921875 0.07942708333333333 0.111328125
1 0.517578125 0.29296875 0.08203125 0.1171875
1 0.7076822916666666 0.29052734375 0.08463541666666666 0.1201171875
1 0.94140625 0.30859375 0.0703125 0.111328125
1 0.7272135416666666 0.55029296875 0.09244791666666666 0.1513671875
1 0.32096354166666663 0.5546875 0.08723958333333333 0.1484375
1 0.064453125 0.56298828125 0.07942708333333333 0.1396484375
1 0.9635416666666666 0.5546875 0.07291666666666666 0.142578125
