0 0.56201171875 0.43619791666666663 0.1787109375 0.3723958333333333
1 0.34375 0.3020833333333333 0.103515625 0.21875
1 0.12158203125 0.255859375 0.1103515625 0.27734375
1 0.1220703125 0.56640625 0.10546875 0.08072916666666666
1 0.3251953125 0.5546875 0.05078125 0.0703125
1 0.9541015625 0.5377604166666666 0.037109375 0.057291666666666664
1 0.78466796875 0.541015625 0.0380859375 0.06640625
1 0.78076171875 0.3548177083333333 0.0419921875 0.09505208333333333
1 0.77685546875 0.2513020833333333 0.0400390625 0.09375
1 0.7373046875 0.2571614583333333 0.041015625 0.09765625
1 0.94775390625 0.35221354166666663 0.0341796875 0.09244791666666666
1 0.94287109375 0.25260416666666663 0.0419921875 0.09635416666666666
