0 0.34033203125 0.783203125 0.0654296875 0.24088541666666666
0 0.96630859375 0.7701822916666666 0.0673828125 0.23307291666666666
1 0.5810546875 0.5911458333333333 0.099609375 0.24479166666666666
1 0.67333984375 0.5924479166666666 0.0693359375 0.24479166666666666
1 0.7529296875 0.5989583333333333 0.087890625 0.25
1 0.9541015625 0.453125 0.056640625 0.15625
1 0.92919921875 0.21614583333333331 0.0341796875 0.08072916666666666
1 0.9609375 0.22135416666666666 0.02734375 0.09114583333333333
1 0.13232421875 0.6276041666666666 0.0224609375 0.17447916666666666
1 0.1884765625 0.615234375 0.0234375 0.19401041666666666
