0 0.3723821989528796 0.81494140625 0.022251308900523563 0.1162109375
0 0.46138743455497383 0.81787109375 0.061518324607329845 0.1142578125
1 0.8318062827225131 0.62060546875 0.09293193717277487 0.0869140625
1 0.81217277486911 0.81689453125 0.04842931937172775 0.0576171875
1 0.8632198952879582 0.8173828125 0.04581151832460733 0.056640625
1 0.8272251308900525 0.43310546875 0.08900523560209425 0.0751953125
1 0.4548429319371728 0.5888671875 0.03534031413612566 0.064453125
1 0.4986910994764398 0.59033203125 0.03664921465968587 0.0693359375
1 0.5019633507853404 0.53076171875 0.04057591623036649 0.0517578125
1 0.46007853403141363 0.5302734375 0.03795811518324608 0.0546875
1 0.4731675392670157 0.3896484375 0.03795811518324608 0.03125
1 0.5143979057591623 0.38818359375 0.034031413612565446 0.0283203125
1 0.47120418848167545 0.42578125 0.03664921465968587 0.041015625
1 0.5117801047120419 0.42578125 0.03141361256544503 0.044921875
1 0.8147905759162304 0.2216796875 0.10863874345549739 0.0859375
1 0.19764397905759162 0.7119140625 0.03926701570680628 0.185546875
1 0.44371727748691103 0.7294921875 0.041884816753926704 0.048828125
1 0.4869109947643979 0.73046875 0.03926701570680628 0.05078125
1 0.5209424083769634 0.26171875 0.034031413612565446 0.029296875
1 0.5209424083769634 0.23046875 0.03926701570680628 0.025390625
