0 0.3740234375 0.4875366568914956 0.06640625 0.23607038123167157
0 0.3037109375 0.4875366568914956 0.0625 0.23313782991202345
1 0.7119140625 0.4772727272727273 0.15234375 0.1774193548387097
1 0.55224609375 0.46114369501466274 0.1220703125 0.19208211143695014
1 0.1005859375 0.39956011730205276 0.072265625 0.18035190615835778
1 0.17138671875 0.39956011730205276 0.0673828125 0.18035190615835778
1 0.07080078125 0.16495601173020527 0.0693359375 0.09237536656891496
1 0.86572265625 0.4970674486803519 0.0419921875 0.05571847507331378
1 0.90869140625 0.49486803519061584 0.0458984375 0.060117302052785926
1 0.95751953125 0.49193548387096775 0.0498046875 0.05718475073313783
1 0.861328125 0.2873900293255132 0.0390625 0.05571847507331378
1 0.904296875 0.2727272727272727 0.044921875 0.05571847507331378
1 0.95263671875 0.26099706744868034 0.0517578125 0.05571847507331378
1 0.5009765625 0.07697947214076246 0.03515625 0.09237536656891496
1 0.537109375 0.08797653958944282 0.033203125 0.08797653958944282
1 0.57080078125 0.10410557184750734 0.0322265625 0.07331378299120235
1 0.6025390625 0.11656891495601172 0.03125 0.07771260997067449
1 0.6591796875 0.4501466275659824 0.0390625 0.12609970674486803
1 0.69775390625 0.45454545454545453 0.0380859375 0.11436950146627566
1 0.73486328125 0.4567448680351906 0.0322265625 0.10997067448680352
1 0.76904296875 0.4596774193548387 0.0341796875 0.11290322580645161
1 0.5888671875 0.44208211143695014 0.046875 0.13049853372434017
1 0.5419921875 0.4406158357771261 0.046875 0.13049853372434017
