0 0.7920937042459737 0.81494140625 0.08784773060029283 0.1650390625
1 0.6361639824304539 0.13671875 0.07174231332357248 0.078125
1 0.46193265007320644 0.201171875 0.11859443631039532 0.12890625
1 0.767203513909224 0.3076171875 0.08199121522693997 0.09375
1 0.6288433382137628 0.26416015625 0.09809663250366032 0.0966796875
1 0.438506588579795 0.38623046875 0.12445095168374817 0.1455078125
1 0.6237188872620791 0.42626953125 0.1054172767203514 0.1435546875
1 0.7715959004392386 0.46533203125 0.08784773060029283 0.1240234375
1 0.4084919472913616 0.57275390625 0.2108345534407028 0.1318359375
1 0.39751098096632503 0.72216796875 0.20937042459736457 0.1865234375
1 0.6390922401171303 0.60498046875 0.16251830161054173 0.1103515625
1 0.6332357247437774 0.73291015625 0.17715959004392387 0.1630859375
1 0.7840409956076135 0.630859375 0.0629575402635432 0.091796875
