0 0.9072265625 0.666015625 0.126953125 0.3528645833333333
1 0.69384765625 0.2109375 0.0595703125 0.12760416666666666
1 0.80859375 0.20377604166666666 0.068359375 0.13932291666666666
1 0.39013671875 0.22786458333333331 0.0478515625 0.11458333333333333
1 0.333984375 0.251953125 0.05859375 0.06380208333333333
1 0.33544921875 0.193359375 0.0556640625 0.04296875
1 0.20458984375 0.24088541666666666 0.0439453125 0.10677083333333333
1 0.15283203125 0.208984375 0.0498046875 0.03515625
1 0.150390625 0.2610677083333333 0.052734375 0.07161458333333333
1 0.2841796875 0.51953125 0.064453125 0.05208333333333333
1 0.35009765625 0.5703125 0.0595703125 0.15625
1 0.28076171875 0.5983072916666666 0.0634765625 0.09244791666666666
1 0.1357421875 0.5358072916666666 0.052734375 0.04817708333333333
0 0.6796875 0.6608072916666666 0.107421875 0.33463541666666663
0 0.51025390625 0.6640625 0.0810546875 0.29166666666666663
