0 0.5164835164835165 0.7724609375 0.28327228327228327 0.33203125
1 0.7741147741147741 0.28564453125 0.07326007326007326 0.1181640625
1 0.8278388278388278 0.60693359375 0.09035409035409035 0.1669921875
1 0.20512820512820512 0.609375 0.0757020757020757 0.16796875
1 0.2503052503052503 0.29345703125 0.06349206349206349 0.1162109375
1 0.4175824175824176 0.248046875 0.07326007326007326 0.072265625
1 0.5079365079365079 0.248046875 0.0757020757020757 0.068359375
1 0.6043956043956044 0.24609375 0.08302808302808302 0.072265625
1 0.6056166056166056 0.34130859375 0.08302808302808302 0.0947265625
1 0.41208791208791207 0.34130859375 0.07692307692307693 0.0966796875
1 0.5097680097680097 0.337890625 0.08669108669108669 0.1015625
