0 0.14111328125 0.6800878477306003 0.0830078125 0.2972181551976574
1 0.3671875 0.08931185944363104 0.04296875 0.07320644216691069
1 0.23583984375 0.27013177159590046 0.0595703125 0.15373352855051245
1 0.3544921875 0.3060029282576867 0.025390625 0.1376281112737921
1 0.42431640625 0.3169838945827233 0.0224609375 0.13030746705710103
1 0.4619140625 0.32284040995607616 0.0234375 0.1273792093704246
1 0.5166015625 0.3367496339677892 0.021484375 0.12005856515373353
1 0.611328125 0.35431918008784774 0.033203125 0.11127379209370425
1 0.70556640625 0.3689604685212299 0.0166015625 0.09370424597364568
1 0.7734375 0.3850658857979502 0.02734375 0.09077598828696926
1 0.8466796875 0.3997071742313324 0.021484375 0.08199121522693997
1 0.05712890625 0.24084919472913618 0.0791015625 0.16544655929721816
1 0.22021484375 0.04319180087847731 0.0576171875 0.07759882869692533
1 0.46630859375 0.13836017569546122 0.0439453125 0.06588579795021962
1 0.54638671875 0.16398243045387995 0.0361328125 0.06149341142020498
1 0.59228515625 0.18301610541727673 0.0322265625 0.05856515373352855
1 0.6640625 0.6303074670571011 0.037109375 0.09224011713030747
1 0.79248046875 0.6193265007320644 0.0283203125 0.08199121522693997
1 0.83154296875 0.6178623718887262 0.0283203125 0.07906295754026355
0 0.9326171875 0.6251830161054173 0.01953125 0.10834553440702782
1 0.9091796875 0.3997071742313324 0.01953125 0.08784773060029283
1 0.94873046875 0.40922401171303074 0.0166015625 0.08638360175695461
1 0.9853515625 0.4150805270863836 0.015625 0.08052708638360176
1 0.896484375 0.26281112737920936 0.01953125 0.03953147877013177
