0 0.125 0.81298828125 0.1875 0.2861328125
1 0.7311197916666666 0.47216796875 0.08723958333333333 0.1142578125
1 0.474609375 0.43408203125 0.07942708333333333 0.1376953125
1 0.439453125 0.73828125 0.15755208333333331 0.146484375
1 0.6809895833333333 0.73974609375 0.0625 0.1767578125
1 0.7486979166666666 0.73291015625 0.057291666666666664 0.1669921875
1 0.728515625 0.17626953125 0.04036458333333333 0.0966796875
1 0.7708333333333333 0.19140625 0.03645833333333333 0.09765625
1 0.8984375 0.2412109375 0.026041666666666664 0.08203125
1 0.927734375 0.25 0.024739583333333332 0.078125
1 0.544921875 0.1025390625 0.05078125 0.109375
1 0.48893229166666663 0.0830078125 0.05598958333333333 0.115234375
