0 0.7490234375 0.6127379209370425 0.091796875 0.14202049780380674
0 0.39990234375 0.6464128843338214 0.0283203125 0.1595900439238653
0 0.611328125 0.6083455344070279 0.046875 0.10688140556368961
1 0.82958984375 0.41654465592972184 0.0244140625 0.0746705710102489
1 0.8291015625 0.5790629575402636 0.0234375 0.08052708638360176
1 0.7060546875 0.40995607613469986 0.02734375 0.05856515373352855
1 0.62841796875 0.4150805270863836 0.0263671875 0.05417276720351391
1 0.4931640625 0.404099560761347 0.02734375 0.07613469985358712
1 0.49365234375 0.5878477306002928 0.0263671875 0.0951683748169839
1 0.39990234375 0.404099560761347 0.0224609375 0.09370424597364568
1 0.4736328125 0.22767203513909223 0.015625 0.03074670571010249
1 0.48828125 0.22913616398243047 0.013671875 0.03074670571010249
1 0.5009765625 0.22767203513909223 0.009765625 0.027818448023426062
1 0.5126953125 0.22547584187408493 0.013671875 0.029282576866764276
