0 0.306640625 0.7643229166666666 0.037109375 0.1484375
0 0.37890625 0.7858072916666666 0.046875 0.13932291666666666
0 0.67041015625 0.810546875 0.0517578125 0.16015625
1 0.67138671875 0.568359375 0.0556640625 0.08463541666666666
1 0.67724609375 0.39713541666666663 0.0556640625 0.0859375
1 0.8046875 0.37369791666666663 0.0703125 0.049479166666666664
1 0.93701171875 0.392578125 0.0927734375 0.08723958333333333
1 0.9423828125 0.5625 0.0625 0.10677083333333333
1 0.98681640625 0.564453125 0.0185546875 0.10026041666666666
1 0.4677734375 0.41015625 0.06640625 0.078125
1 0.2626953125 0.513671875 0.029296875 0.11848958333333333
1 0.2197265625 0.513671875 0.04296875 0.12109375
1 0.2509765625 0.3528645833333333 0.041015625 0.0625
1 0.162109375 0.3671875 0.025390625 0.05989583333333333
1 0.08447265625 0.3828125 0.0283203125 0.057291666666666664
1 0.048828125 0.525390625 0.03125 0.10546875
1 0.080078125 0.5234375 0.0234375 0.10677083333333333
1 0.57470703125 0.7760416666666666 0.0556640625 0.11197916666666666
