0 0.39501953125 0.6510416666666666 0.1005859375 0.359375
0 0.75537109375 0.6848958333333333 0.1220703125 0.44010416666666663
0 0.91796875 0.6985677083333333 0.138671875 0.4856770833333333
1 0.28173828125 0.18359375 0.0576171875 0.13020833333333331
1 0.28173828125 0.057291666666666664 0.0634765625 0.06510416666666666
1 0.6162109375 0.40885416666666663 0.099609375 0.08854166666666666
1 0.755859375 0.3984375 0.123046875 0.08854166666666666
1 0.91845703125 0.373046875 0.1376953125 0.10026041666666666
1 0.02392578125 0.24153645833333331 0.0439453125 0.12109375
1 0.1845703125 0.10546875 0.046875 0.049479166666666664
1 0.17919921875 0.22395833333333331 0.0458984375 0.13020833333333331
0 0.2685546875 0.6419270833333333 0.0625 0.3046875
