0 0.02587890625 0.525390625 0.0341796875 0.11067708333333333
1 0.27783203125 0.3606770833333333 0.0380859375 0.07291666666666666
1 0.37646484375 0.36328125 0.0361328125 0.078125
1 0.384765625 0.505859375 0.033203125 0.07942708333333333
1 0.34814453125 0.5078125 0.0380859375 0.07291666666666666
1 0.31103515625 0.5071614583333333 0.0400390625 0.07942708333333333
1 0.267578125 0.5110677083333333 0.03515625 0.07942708333333333
1 0.16015625 0.3665364583333333 0.04296875 0.07682291666666666
1 0.09423828125 0.3671875 0.0341796875 0.078125
1 0.0849609375 0.51171875 0.029296875 0.06770833333333333
1 0.115234375 0.509765625 0.03125 0.07421875
1 0.1455078125 0.509765625 0.029296875 0.07421875
1 0.02587890625 0.3919270833333333 0.0244140625 0.08072916666666666
