0 0.875 0.49088541666666663 0.18359375 0.7291666666666666
0 0.2041015625 0.658203125 0.029296875 0.13671875
0 0.22021484375 0.6516927083333333 0.0302734375 0.11588541666666666
0 0.23876953125 0.658203125 0.0244140625 0.13151041666666666
0 0.26708984375 0.64453125 0.0185546875 0.14583333333333331
0 0.294921875 0.6393229166666666 0.029296875 0.16927083333333331
0 0.33984375 0.6354166666666666 0.048828125 0.21354166666666666
0 0.4091796875 0.6243489583333333 0.05859375 0.25390625
0 0.5048828125 0.5983072916666666 0.087890625 0.3216145833333333
0 0.6767578125 0.5716145833333333 0.15234375 0.4140625
