0 0.5732421875 0.5944010416666666 0.046875 0.14713541666666666
1 0.6171875 0.34635416666666663 0.107421875 0.09375
1 0.44677734375 0.3548177083333333 0.0966796875 0.08984375
1 0.22998046875 0.3587239583333333 0.0693359375 0.08463541666666666
1 0.28076171875 0.5833333333333333 0.0322265625 0.08072916666666666
1 0.3759765625 0.5813802083333333 0.033203125 0.08203125
1 0.32958984375 0.58203125 0.0634765625 0.0859375
1 0.32861328125 0.5279947916666666 0.0634765625 0.02734375
1 0.69677734375 0.5735677083333333 0.0302734375 0.07942708333333333
1 0.798828125 0.5735677083333333 0.03125 0.08463541666666666
1 0.84619140625 0.33203125 0.0693359375 0.08333333333333333
1 0.96240234375 0.32877604166666663 0.0361328125 0.08463541666666666
1 0.74609375 0.5182291666666666 0.068359375 0.028645833333333332
1 0.74853515625 0.57421875 0.0693359375 0.0859375
