0 0.69140625 0.830078125 0.07552083333333333 0.111328125
1 0.6842447916666666 0.23486328125 0.07421875 0.0849609375
1 0.6901041666666666 0.40380859375 0.08072916666666666 0.1025390625
1 0.4954427083333333 0.61962890625 0.07942708333333333 0.1279296875
1 0.4993489583333333 0.40283203125 0.07682291666666666 0.1005859375
1 0.31510416666666663 0.23046875 0.07552083333333333 0.080078125
1 0.9459635416666666 0.29150390625 0.08723958333333333 0.0888671875
1 0.091796875 0.2421875 0.061197916666666664 0.119140625
1 0.11783854166666666 0.07373046875 0.06640625 0.1005859375
1 0.470703125 0.04736328125 0.022135416666666664 0.0283203125
1 0.4309895833333333 0.04736328125 0.0234375 0.0283203125
1 0.427734375 0.103515625 0.02734375 0.03515625
1 0.46875 0.10400390625 0.026041666666666664 0.0361328125
1 0.5110677083333333 0.10546875 0.024739583333333332 0.03515625
1 0.5553385416666666 0.10498046875 0.02734375 0.0322265625
1 0.6360677083333333 0.10546875 0.024739583333333332 0.03515625
1 0.5546875 0.04833984375 0.026041666666666664 0.0283203125
1 0.5110677083333333 0.04736328125 0.029947916666666664 0.0283203125
1 0.6803385416666666 0.10595703125 0.02734375 0.0341796875
1 0.63671875 0.05029296875 0.026041666666666664 0.0322265625
1 0.67578125 0.05078125 0.028645833333333332 0.033203125
0 0.6940104166666666 0.65673828125 0.08072916666666666 0.1435546875
