0 0.60107421875 0.63671875 0.0400390625 0.14583333333333331
1 0.251953125 0.6282552083333333 0.0390625 0.12109375
1 0.30908203125 0.6412760416666666 0.0771484375 0.08984375
1 0.365234375 0.625 0.03515625 0.11197916666666666
1 0.30859375 0.5813802083333333 0.07421875 0.024739583333333332
1 0.24951171875 0.39908854166666663 0.0380859375 0.12369791666666666
1 0.3046875 0.35807291666666663 0.068359375 0.0390625
1 0.30615234375 0.4173177083333333 0.0751953125 0.09244791666666666
1 0.35986328125 0.41015625 0.0322265625 0.11197916666666666
1 0.45556640625 0.40104166666666663 0.0302734375 0.07552083333333333
1 0.49951171875 0.38151041666666663 0.0537109375 0.03125
1 0.5009765625 0.41666666666666663 0.056640625 0.049479166666666664
1 0.50439453125 0.5755208333333333 0.0537109375 0.0234375
1 0.50439453125 0.6087239583333333 0.0537109375 0.045572916666666664
1 0.4599609375 0.5989583333333333 0.029296875 0.07552083333333333
1 0.59130859375 0.4427083333333333 0.0361328125 0.0703125
1 0.62646484375 0.4453125 0.0341796875 0.0703125
1 0.6259765625 0.400390625 0.033203125 0.022135416666666664
1 0.59130859375 0.39322916666666663 0.0322265625 0.0234375
1 0.70751953125 0.43359375 0.0380859375 0.0390625
1 0.73583984375 0.43033854166666663 0.0185546875 0.05598958333333333
1 0.70703125 0.4075520833333333 0.037109375 0.020833333333333332
1 0.7119140625 0.568359375 0.0390625 0.022135416666666664
1 0.74267578125 0.5865885416666666 0.0205078125 0.05859375
1 0.71142578125 0.6002604166666666 0.0380859375 0.041666666666666664
1 0.78759765625 0.4466145833333333 0.0166015625 0.078125
1 0.8115234375 0.42057291666666663 0.02734375 0.018229166666666664
1 0.8359375 0.45182291666666663 0.015625 0.07291666666666666
1 0.81298828125 0.4583333333333333 0.0283203125 0.05989583333333333
1 0.7939453125 0.6002604166666666 0.015625 0.08333333333333333
1 0.8173828125 0.5709635416666666 0.02734375 0.01953125
1 0.84130859375 0.59765625 0.0205078125 0.07552083333333333
1 0.81591796875 0.609375 0.0302734375 0.0625
