0 0.526431718061674 0.62060546875 0.1395007342143906 0.1298828125
1 0.03671071953010279 0.2529296875 0.07342143906020558 0.087890625
1 0.15418502202643172 0.24853515625 0.08516886930983847 0.0908203125
1 0.13729809104258442 0.39990234375 0.08370044052863436 0.1123046875
1 0.3406754772393539 0.23193359375 0.11160058737151247 0.1025390625
1 0.5242290748898678 0.2294921875 0.10866372980910426 0.103515625
1 0.7011747430249633 0.236328125 0.11306901615271658 0.099609375
1 0.7055800293685756 0.37255859375 0.1013215859030837 0.0830078125
1 0.5220264317180616 0.375 0.1013215859030837 0.0859375
1 0.342143906020558 0.373046875 0.09691629955947136 0.08203125
1 0.9038179148311306 0.2470703125 0.09838472834067548 0.08984375
1 0.9170337738619676 0.400390625 0.1013215859030837 0.119140625
1 0.9390602055800293 0.58154296875 0.07195301027900146 0.1220703125
1 0.7151248164464024 0.58447265625 0.09691629955947136 0.1181640625
1 0.33480176211453744 0.5859375 0.09397944199706314 0.119140625
1 0.11233480176211454 0.5673828125 0.07488986784140969 0.111328125
