1 0.20947265625 0.47916666666666663 0.0283203125 0.0546875
1 0.244140625 0.4765625 0.037109375 0.05208333333333333
1 0.2880859375 0.47330729166666663 0.0390625 0.05598958333333333
1 0.2421875 0.53125 0.041015625 0.05208333333333333
1 0.205078125 0.533203125 0.029296875 0.05598958333333333
1 0.3857421875 0.4661458333333333 0.03515625 0.049479166666666664
1 0.3828125 0.5260416666666666 0.037109375 0.05989583333333333
1 0.52587890625 0.4505208333333333 0.0302734375 0.0625
1 0.49462890625 0.45572916666666663 0.0263671875 0.0625
1 0.68017578125 0.4348958333333333 0.0341796875 0.06510416666666666
1 0.716796875 0.4309895833333333 0.03125 0.06510416666666666
1 0.7548828125 0.43033854166666663 0.0390625 0.06380208333333333
1 0.75537109375 0.49869791666666663 0.0380859375 0.0703125
1 0.51025390625 0.73828125 0.0322265625 0.08333333333333333
1 0.546875 0.7376302083333333 0.033203125 0.08463541666666666
1 0.51171875 0.6692708333333333 0.03125 0.05208333333333333
1 0.5458984375 0.6673177083333333 0.03515625 0.053385416666666664
1 0.703125 0.6653645833333333 0.037109375 0.0625
1 0.7431640625 0.6640625 0.04296875 0.057291666666666664
1 0.74658203125 0.7428385416666666 0.0380859375 0.08723958333333333
1 0.705078125 0.7408854166666666 0.041015625 0.09375
1 0.27197265625 0.7311197916666666 0.0302734375 0.07161458333333333
1 0.27490234375 0.6666666666666666 0.0302734375 0.0546875
1 0.2158203125 0.66796875 0.025390625 0.049479166666666664
1 0.244140625 0.6686197916666666 0.029296875 0.05859375
1 0.2412109375 0.7337239583333333 0.02734375 0.07682291666666666
1 0.21142578125 0.7337239583333333 0.0263671875 0.07421875
1 0.8935546875 0.5026041666666666 0.037109375 0.06770833333333333
0 0.3935546875 0.7584635416666666 0.041015625 0.13932291666666666
