0 0.4306640625 0.65234375 0.078125 0.20052083333333331
0 0.9033203125 0.8072916666666666 0.123046875 0.26041666666666663
1 0.576171875 0.3671875 0.0546875 0.13802083333333331
1 0.7041015625 0.3450520833333333 0.0625 0.15104166666666666
1 0.92333984375 0.224609375 0.0673828125 0.13151041666666666
1 0.2646484375 0.419921875 0.0390625 0.12369791666666666
1 0.357421875 0.4036458333333333 0.04296875 0.12760416666666666
1 0.349609375 0.6295572916666666 0.04296875 0.13151041666666666
1 0.25537109375 0.6373697916666666 0.0458984375 0.13151041666666666
1 0.576171875 0.6256510416666666 0.0625 0.16015625
1 0.70654296875 0.6165364583333333 0.0634765625 0.16015625
1 0.05615234375 0.6302083333333333 0.0205078125 0.03645833333333333
1 0.13427734375 0.6380208333333333 0.0205078125 0.046875
1 0.46044921875 0.390625 0.0517578125 0.140625
